-0.8380902997   -2753.829876480000
-0.7993712045   -2764.694508880000
-0.7603102199   -2772.272629720000
-0.7205414327   -2777.316390290000
-0.6802395722   -2780.422537050000
-0.6393207378   -2782.079571520000
-0.5977300237   -2782.697649300000
-0.5552140307   -2782.611722760000
-0.5120253611   -2782.100907720000
-0.4677778542   -2781.395200440000
-0.4229276803   -2780.683366030000
-0.3768520284   -2780.096147690000
-0.3302714318   -2779.751539260000
-0.2831386747   -2779.701624090000
-0.2354067492   -2779.965298770000
-0.1880315916   -2780.508622820000
-0.1402751230   -2781.250180630000
-0.0934832315   -2782.062219970000
-0.0462176107   -2782.732072690000
-0.0001005514  -2783.024543750000
0.0462176107   -2782.732072690000
0.0934832315   -2782.062219970000
0.1402751230   -2781.250180630000
0.1880315916   -2780.508622820000
0.2354067492   -2779.965298770000
0.2831386747   -2779.701624090000
0.3302714318   -2779.751539260000
0.3768520284   -2780.096147690000
0.4229276803   -2780.683366030000
0.4677778542   -2781.395200440000
0.5120253611   -2782.100907720000
0.5552140307   -2782.611722760000
0.5977300237   -2782.697649300000
0.6393207378   -2782.079571520000
0.6802395722   -2780.422537050000
0.7205414327   -2777.316390290000
0.7603102199   -2772.272629720000
0.7993712045   -2764.694508880000
0.8380902997   -2753.829876480000
