# x(nm) V(x) (eV)
-3.6506436375 29.1946672700
-3.6141372012 26.5199486203
-3.5776307648 24.0306848561
-3.5411243284 21.7188790501
-3.5046178920 19.5765342750
-3.4681114557 17.5956536032
-3.4316050193 15.7682401075
-3.3950985829 14.0862968604
-3.3585921465 12.5418269346
-3.3220857102 11.1268334027
-3.2855792738 9.8333744583
-3.2490728374 8.6540404222
-3.2125664010 7.5817195093
-3.1760599647 6.6093032069
-3.1395535283 5.7296830024
-3.1030470919 4.9361206834
-3.0665406555 4.2234784847
-3.0300342192 3.5870509255
-2.9935277828 3.0221325319
-2.9570213464 2.5240182912
-2.9205149100 2.0881626361
-2.8840084737 1.7104122328
-2.8475020373 1.3866729780
-2.8109956009 1.1128507685
-2.7744891645 0.8848554298
-2.7379827282 0.6989470428
-2.7014762918 0.5520072772
-2.6649698554 0.4409816607
-2.6284634190 0.3628157215
-2.5919569827 0.3144587089
-2.5554505463 0.2931053231
-2.5189441099 0.2963440246
-2.4824376735 0.3217987511
-2.4459312372 0.3670934402
-2.4094248008 0.4298533770
-2.3729183644 0.5078709703
-2.3364119280 0.5992654282
-2.2999054917 0.7021938176
-2.2633990553 0.8148132055
-2.2268926189 0.9352807406
-2.1903861825 1.0618809113
-2.1538797462 1.1932829558
-2.1173733098 1.3282284953
-2.0808668734 1.4654591504
-2.0443604370 1.6037165423
-2.0078540006 1.7417796763
-1.9713475643 1.8786911492
-1.9348411279 2.0136069054
-1.8983346915 2.1456833292
-1.8618282551 2.2740768045
-1.8253218188 2.3979471009
-1.7888153824 2.5165471340
-1.7523089460 2.6292323385
-1.7158025096 2.7353634147
-1.6792960733 2.8343010629
-1.6427896369 2.9254059833
-1.6062832005 3.0081034436
-1.5697767641 3.0821051096
-1.5332703278 3.1472020280
-1.4967638914 3.2031852488
-1.4602574550 3.2498458216
-1.4237510186 3.2869766818
-1.3872445823 3.3144408751
-1.3507381459 3.3321907159
-1.3142317095 3.3401843063
-1.2777252731 3.3383797487
-1.2412188368 3.3267351450
-1.2047124004 3.3052206532
-1.1682059640 3.2739003170
-1.1316995276 3.2328822097
-1.0951930913 3.1822746574
-1.0586866549 3.1221859863
-1.0221802185 3.0527245836
-0.9856737821 2.9741119984
-0.9491673458 2.8869175917
-0.9126609094 2.7917773278
-0.8761544730 2.6893271709
-0.8396480366 2.5802030853
-0.8031416003 2.4650363373
-0.7666351639 2.3443089079
-0.7301287275 2.2183262033
-0.6936222911 2.0873834254
-0.6571158548 1.9517757762
-0.6206094184 1.8117984575
-0.5841029820 1.6678406378
-0.5475965456 1.5211444482
-0.5110901093 1.3734065426
-0.4745836729 1.2263278138
-0.4380772365 1.0816091549
-0.4015708001 0.9409509540
-0.3650643638 0.8058443153
-0.3285579274 0.6772489256
-0.2920514910 0.5560413799
-0.2555450546 0.4430982729
-0.2190386183 0.3392961995
-0.1825321819 0.2455462663
-0.1460257455 0.1635013543
-0.1095193091 0.0955283340
-0.0730128728 0.0440230279
-0.0365064364 0.0113812586
0.0000000000 -0.0000011528
0.0365064364 0.0114461944
0.0730128728 0.0441087237
0.1095193091 0.0956037660
0.1460257455 0.1635486522
0.1825321819 0.2455607135
0.2190386183 0.3392859171
0.2555450546 0.4430764297
0.2920514910 0.5560180996
0.3285579274 0.6772309103
0.3650643638 0.8058348454
0.4015708001 0.9409498885
0.4380772365 1.0816133693
0.4745836729 1.2263340041
0.5110901093 1.3734123292
0.5475965456 1.5211483791
0.5841029820 1.6678421879
0.6206094184 1.8117980254
0.6571158548 1.9517743064
0.6936222911 2.0873816986
0.7301287275 2.2183247583
0.7666351639 2.3443080417
0.8031416003 2.4650361052
0.8396480366 2.5802033098
0.8761544730 2.6893276011
0.9126609094 2.7917777741
0.9491673458 2.8869179300
0.9856737821 2.9741121700
1.0221802185 3.0527245952
1.0586866549 3.1221858997
1.0951930913 3.1822745348
1.1316995276 3.2328820958
1.1682059640 3.2739002392
1.2047124004 3.3052206214
1.2412188368 3.3267351519
1.2777252731 3.3383797760
1.3142317095 3.3401843389
1.3507381459 3.3321907432
1.3872445823 3.3144408913
1.4237510186 3.2869766860
1.4602574550 3.2498458171
1.4967638914 3.2031852406
1.5332703278 3.1472020198
1.5697767641 3.0821051035
1.6062832005 3.0081034407
1.6427896369 2.9254059834
1.6792960733 2.8343010646
1.7158025096 2.7353634170
1.7523089460 2.6292323405
1.7888153824 2.5165471352
1.8253218188 2.3979471012
1.8618282551 2.2740768042
1.8983346915 2.1456833286
1.9348411279 2.0136069049
1.9713475643 1.8786911488
2.0078540006 1.7417796761
2.0443604370 1.6037165423
2.0808668734 1.4654591506
2.1173733098 1.3282284954
2.1538797462 1.1932829560
2.1903861825 1.0618809113
2.2268926189 0.9352807406
2.2633990553 0.8148132055
2.2999054917 0.7021938176
2.3364119280 0.5992654282
2.3729183644 0.5078709703
2.4094248008 0.4298533770
2.4459312372 0.3670934402
2.4824376735 0.3217987511
2.5189441099 0.2963440247
2.5554505463 0.2931053231
2.5919569827 0.3144587089
2.6284634190 0.3628157215
2.6649698554 0.4409816607
2.7014762918 0.5520072772
2.7379827282 0.6989470428
2.7744891645 0.8848554298
2.8109956009 1.1128507685
2.8475020373 1.3866729780
2.8840084737 1.7104122328
2.9205149100 2.0881626361
2.9570213464 2.5240182912
2.9935277828 3.0221325319
3.0300342192 3.5870509255
3.0665406555 4.2234784847
3.1030470919 4.9361206834
3.1395535283 5.7296830024
3.1760599647 6.6093032069
3.2125664010 7.5817195093
3.2490728374 8.6540404222
3.2855792738 9.8333744583
3.3220857102 11.1268334027
3.3585921465 12.5418269346
3.3950985829 14.0862968604
3.4316050193 15.7682401075
3.4681114557 17.5956536032
3.5046178920 19.5765342750
3.5411243284 21.7188790501
3.5776307648 24.0306848561
3.6141372012 26.5199486203
3.6506436375 29.1946672700
