-5.400000000000000355e-01 -5.954332533105381486e+01
-5.389189189189189655e-01 -5.955564042086553656e+01
-5.378378378378378954e-01 -5.956807665952295849e+01
-5.367567567567568254e-01 -5.958062596020269552e+01
-5.356756756756757554e-01 -5.959328048861445382e+01
-5.345945945945946853e-01 -5.960603265688848040e+01
-5.335135135135135043e-01 -5.961887511758160940e+01
-5.324324324324324342e-01 -5.963180075779997935e+01
-5.313513513513513642e-01 -5.964480269343680163e+01
-5.302702702702702942e-01 -5.965787426352318334e+01
-5.291891891891892241e-01 -5.967100902469040591e+01
-5.281081081081081541e-01 -5.968420074574182621e+01
-5.270270270270270840e-01 -5.969744340233268787e+01
-5.259459459459460140e-01 -5.971073117175618705e+01
-5.248648648648649440e-01 -5.972405842783407337e+01
-5.237837837837837629e-01 -5.973741973591013732e+01
-5.227027027027026929e-01 -5.975080984794491457e+01
-5.216216216216216228e-01 -5.976422369771009357e+01
-5.205405405405405528e-01 -5.977765639608088577e+01
-5.194594594594594827e-01 -5.979110322642486608e+01
-5.183783783783784127e-01 -5.980455964008572067e+01
-5.172972972972973427e-01 -5.981802125196037423e+01
-5.162162162162162726e-01 -5.983148383616789800e+01
-5.151351351351352026e-01 -5.984494332180880605e+01
-5.140540540540541325e-01 -5.985839578881316925e+01
-5.129729729729730625e-01 -5.987183746387615457e+01
-5.118918918918918814e-01 -5.988526471647950444e+01
-5.108108108108108114e-01 -5.989867405499753517e+01
-5.097297297297297414e-01 -5.991206212288626887e+01
-5.086486486486486713e-01 -5.992542569495425653e+01
-5.075675675675676013e-01 -5.993876167371381314e+01
-5.064864864864865313e-01 -5.995206708581124389e+01
-5.054054054054054612e-01 -5.996533907853469714e+01
-5.043243243243243912e-01 -5.997857491639842209e+01
-5.032432432432433211e-01 -5.999177197780207393e+01
-5.021621621621621401e-01 -6.000492775176374494e+01
-5.010810810810810700e-01 -6.001803983472554194e+01
-5.000000000000000000e-01 -6.003110592743039575e+01
-4.989189189189189300e-01 -6.004412383186890878e+01
-4.978378378378378599e-01 -6.005709144829494761e+01
-4.967567567567567899e-01 -6.007000677230890773e+01
-4.956756756756757198e-01 -6.008286789200735001e+01
-4.945945945945946498e-01 -6.009567298519788636e+01
-4.935135135135135243e-01 -6.010842031667819185e+01
-4.924324324324324542e-01 -6.012110823557792116e+01
-4.913513513513513842e-01 -6.013373517276251334e+01
-4.902702702702703141e-01 -6.014629963829766979e+01
-4.891891891891892441e-01 -6.015880021897352492e+01
-4.881081081081081186e-01 -6.017123557588735849e+01
-4.870270270270270485e-01 -6.018360444208374815e+01
-4.859459459459459785e-01 -6.019590562025128833e+01
-4.848648648648649084e-01 -6.020813798047461063e+01
-4.837837837837838384e-01 -6.022030045804088871e+01
-4.827027027027027684e-01 -6.023239205129971197e+01
-4.816216216216216428e-01 -6.024441181957534752e+01
-4.805405405405405728e-01 -6.025635888113045269e+01
-4.794594594594595027e-01 -6.026823241118027141e+01
-4.783783783783784327e-01 -6.028003163995632008e+01
-4.772972972972973071e-01 -6.029175585081869571e+01
-4.762162162162162371e-01 -6.030340437841599766e+01
-4.751351351351351671e-01 -6.031497660689207407e+01
-4.740540540540540970e-01 -6.032647196813855572e+01
-4.729729729729730270e-01 -6.033788994009245243e+01
-4.718918918918919569e-01 -6.034923004507774635e+01
-4.708108108108108314e-01 -6.036049184819038516e+01
-4.697297297297297614e-01 -6.037167495572553122e+01
-4.686486486486486913e-01 -6.038277901364649836e+01
-4.675675675675676213e-01 -6.039380370609438842e+01
-4.664864864864864957e-01 -6.040474875393771015e+01
-4.654054054054054257e-01 -6.041561391336111342e+01
-4.643243243243243557e-01 -6.042639897449254249e+01
-4.632432432432432856e-01 -6.043710376006792018e+01
-4.621621621621622156e-01 -6.044772812413275886e+01
-4.610810810810811455e-01 -6.045827195077977478e+01
-4.600000000000000200e-01 -6.046873515292189438e+01
-4.589189189189189499e-01 -6.047911767109989256e+01
-4.578378378378378799e-01 -6.048941947232393090e+01
-4.567567567567568099e-01 -6.049964054894825694e+01
-4.556756756756756843e-01 -6.050978091757851729e+01
-4.545945945945946143e-01 -6.051984061801079662e+01
-4.535135135135135442e-01 -6.052981971220186352e+01
-4.524324324324324742e-01 -6.053971828326990590e+01
-4.513513513513514042e-01 -6.054953643452510903e+01
-4.502702702702703341e-01 -6.055927428852943706e+01
-4.491891891891892086e-01 -6.056893198618498531e+01
-4.481081081081081385e-01 -6.057850968585025697e+01
-4.470270270270270685e-01 -6.058800756248384545e+01
-4.459459459459459985e-01 -6.059742580681479041e+01
-4.448648648648648729e-01 -6.060676462453911029e+01
-4.437837837837838029e-01 -6.061602423554188590e+01
-4.427027027027027328e-01 -6.062520487314438355e+01
-4.416216216216216628e-01 -6.063430678337550717e+01
-4.405405405405405928e-01 -6.064333022426725961e+01
-4.394594594594595227e-01 -6.065227546517338908e+01
-4.383783783783783972e-01 -6.066114278611097177e+01
-4.372972972972973271e-01 -6.066993247712416348e+01
-4.362162162162162571e-01 -6.067864483766970096e+01
-4.351351351351351870e-01 -6.068728017602373370e+01
-4.340540540540540615e-01 -6.069583880870929704e+01
-4.329729729729729915e-01 -6.070432105994405703e+01
-4.318918918918919214e-01 -6.071272726110785811e+01
-4.308108108108108514e-01 -6.072105775022950525e+01
-4.297297297297297813e-01 -6.072931287149238955e+01
-4.286486486486487113e-01 -6.073749297475847442e+01
-4.275675675675675858e-01 -6.074559841511016600e+01
-4.264864864864865157e-01 -6.075362955240969143e+01
-4.254054054054054457e-01 -6.076158675087543770e+01
-4.243243243243243756e-01 -6.076947037867497414e+01
-4.232432432432432501e-01 -6.077728080753414730e+01
-4.221621621621621800e-01 -6.078501841236206360e+01
-4.210810810810811100e-01 -6.079268357089131314e+01
-4.200000000000000400e-01 -6.080027666333322856e+01
-4.189189189189189699e-01 -6.080779807204770293e+01
-4.178378378378378999e-01 -6.081524818122714748e+01
-4.167567567567567743e-01 -6.082262737659431906e+01
-4.156756756756757043e-01 -6.082993604511354135e+01
-4.145945945945946343e-01 -6.083717457471499301e+01
-4.135135135135135087e-01 -6.084434335403175709e+01
-4.124324324324324387e-01 -6.085144277214920550e+01
-4.113513513513513686e-01 -6.085847321836637747e+01
-4.102702702702702986e-01 -6.086543508196913166e+01
-4.091891891891892286e-01 -6.087232875201453908e+01
-4.081081081081081585e-01 -6.087915461712640308e+01
-4.070270270270270885e-01 -6.088591306530143044e+01
-4.059459459459460184e-01 -6.089260448372584733e+01
-4.048648648648648929e-01 -6.089922925860204828e+01
-4.037837837837838229e-01 -6.090578777498512864e+01
-4.027027027027026973e-01 -6.091228041662881765e+01
-4.016216216216216273e-01 -6.091870756584069824e+01
-4.005405405405405572e-01 -6.092506960334633703e+01
-3.994594594594594872e-01 -6.093136690816203327e+01
-3.983783783783784171e-01 -6.093759985747600183e+01
-3.972972972972973471e-01 -6.094376882653762806e+01
-3.962162162162162771e-01 -6.094987418855459538e+01
-3.951351351351352070e-01 -6.095591631459763704e+01
-3.940540540540540815e-01 -6.096189557351259225e+01
-3.929729729729730114e-01 -6.096781233183959614e+01
-3.918918918918918859e-01 -6.097366695373912648e+01
-3.908108108108108159e-01 -6.097945980092470819e+01
-3.897297297297297458e-01 -6.098519123260197716e+01
-3.886486486486486758e-01 -6.099086160541396140e+01
-3.875675675675676057e-01 -6.099647127339230934e+01
-3.864864864864865357e-01 -6.100202058791423809e+01
-3.854054054054054657e-01 -6.100750989766506649e+01
-3.843243243243243956e-01 -6.101293954860603463e+01
-3.832432432432432701e-01 -6.101830988394726063e+01
-3.821621621621622000e-01 -6.102362124412564270e+01
-3.810810810810810745e-01 -6.102887396678747933e+01
-3.800000000000000044e-01 -6.103406838677568658e+01
-3.789189189189189344e-01 -6.103920483612129999e+01
-3.778378378378378644e-01 -6.104428364403926821e+01
-3.767567567567567943e-01 -6.104930513692817584e+01
-3.756756756756757243e-01 -6.105426963837386722e+01
-3.745945945945946542e-01 -6.105917746915670108e+01
-3.735135135135135842e-01 -6.106402894726236497e+01
-3.724324324324324587e-01 -6.106882438789602929e+01
-3.713513513513513886e-01 -6.107356410349966325e+01
-3.702702702702702631e-01 -6.107824840377247000e+01
-3.691891891891891930e-01 -6.108287759569415698e+01
-3.681081081081081230e-01 -6.108745198355101280e+01
-3.670270270270270530e-01 -6.109197186896457055e+01
-3.659459459459459829e-01 -6.109643755092277217e+01
-3.648648648648649129e-01 -6.110084932581347061e+01
-3.637837837837838428e-01 -6.110520748746012742e+01
-3.627027027027027728e-01 -6.110951232715968473e+01
-3.616216216216216472e-01 -6.111376413372227034e+01
-3.605405405405405772e-01 -6.111796319351289952e+01
-3.594594594594594517e-01 -6.112210979049478254e+01
-3.583783783783783816e-01 -6.112620420627435180e+01
-3.572972972972973116e-01 -6.113024672014773131e+01
-3.562162162162162415e-01 -6.113423760914861305e+01
-3.551351351351351715e-01 -6.113817714809748338e+01
-3.540540540540541015e-01 -6.114206560965199344e+01
-3.529729729729730314e-01 -6.114590326435844503e+01
-3.518918918918919614e-01 -6.114969038070426421e+01
-3.508108108108108358e-01 -6.115342722517144125e+01
-3.497297297297297658e-01 -6.115711406229069524e+01
-3.486486486486486402e-01 -6.116075115469647017e+01
-3.475675675675675702e-01 -6.116433876318249929e+01
-3.464864864864865002e-01 -6.116787714675800913e+01
-3.454054054054054301e-01 -6.117136656270433548e+01
-3.443243243243243601e-01 -6.117480726663201551e+01
-3.432432432432432901e-01 -6.117819951253817123e+01
-3.421621621621622200e-01 -6.118154355286419133e+01
-3.410810810810811500e-01 -6.118483963855356222e+01
-3.400000000000000244e-01 -6.118808801910989814e+01
-3.389189189189189544e-01 -6.119128894265494267e+01
-3.378378378378378288e-01 -6.119444265598665567e+01
-3.367567567567567588e-01 -6.119754940463717219e+01
-3.356756756756756888e-01 -6.120060943293070466e+01
-3.345945945945946187e-01 -6.120362298404121759e+01
-3.335135135135135487e-01 -6.120659030004989631e+01
-3.324324324324324786e-01 -6.120951162200232432e+01
-3.313513513513514086e-01 -6.121238718996536221e+01
-3.302702702702703386e-01 -6.121521724308360746e+01
-3.291891891891892130e-01 -6.121800201963542776e+01
-3.281081081081081430e-01 -6.122074175708856814e+01
-3.270270270270270729e-01 -6.122343669215522510e+01
-3.259459459459459474e-01 -6.122608706084650976e+01
-3.248648648648648773e-01 -6.122869309852644193e+01
-3.237837837837838073e-01 -6.123125503996518404e+01
-3.227027027027027373e-01 -6.123377311939172074e+01
-3.216216216216216672e-01 -6.123624757054574985e+01
-3.205405405405405972e-01 -6.123867862672891249e+01
-3.194594594594595272e-01 -6.124106652085524161e+01
-3.183783783783784016e-01 -6.124341148550077207e+01
-3.172972972972973316e-01 -6.124571375295242603e+01
-3.162162162162162615e-01 -6.124797355525597453e+01
-3.151351351351351360e-01 -6.125019112426317491e+01
-3.140540540540540659e-01 -6.125236669167798453e+01
-3.129729729729729959e-01 -6.125450048910191470e+01
-3.118918918918919259e-01 -6.125659274807838273e+01
-3.108108108108108558e-01 -6.125864370013616167e+01
-3.097297297297297858e-01 -6.126065357683185653e+01
-3.086486486486487157e-01 -6.126262260979134311e+01
-3.075675675675675902e-01 -6.126455103075029029e+01
-3.064864864864865202e-01 -6.126643907159359514e+01
-3.054054054054054501e-01 -6.126828696439380195e+01
-3.043243243243243246e-01 -6.127009494144851232e+01
-3.032432432432432545e-01 -6.127186323531671519e+01
-3.021621621621621845e-01 -6.127359207885403691e+01
-3.010810810810811144e-01 -6.127528170524700357e+01
-3.000000000000000444e-01 -6.127693234804610256e+01
-2.989189189189189744e-01 -6.127854424119787069e+01
-2.978378378378379043e-01 -6.128011761907582411e+01
-2.967567567567567788e-01 -6.128165271651032953e+01
-2.956756756756757087e-01 -6.128314976881736698e+01
-2.945945945945946387e-01 -6.128460901182616993e+01
-2.935135135135135132e-01 -6.128603068190579961e+01
-2.924324324324324431e-01 -6.128741501599058239e+01
-2.913513513513513731e-01 -6.128876225160448143e+01
-2.902702702702703030e-01 -6.129007262688431723e+01
-2.891891891891892330e-01 -6.129134638060190809e+01
-2.881081081081081630e-01 -6.129258375218512356e+01
-2.870270270270270374e-01 -6.129378498173781509e+01
-2.859459459459459674e-01 -6.129495031005867389e+01
-2.848648648648648973e-01 -6.129607997865898028e+01
-2.837837837837838273e-01 -6.129717422977926589e+01
-2.827027027027027573e-01 -6.129823330640491719e+01
-2.816216216216216317e-01 -6.129925745228069189e+01
-2.805405405405405617e-01 -6.130024691192414821e+01
-2.794594594594594916e-01 -6.130120193063806511e+01
-2.783783783783784216e-01 -6.130212275452173287e+01
-2.772972972972973515e-01 -6.130300963048129148e+01
-2.762162162162162260e-01 -6.130386280623895345e+01
-2.751351351351351560e-01 -6.130468253034121773e+01
-2.740540540540540859e-01 -6.130546905216613141e+01
-2.729729729729730159e-01 -6.130622262192944305e+01
-2.718918918918919458e-01 -6.130694349068983229e+01
-2.708108108108108203e-01 -6.130763191035315174e+01
-2.697297297297297503e-01 -6.130828813367562447e+01
-2.686486486486486802e-01 -6.130891241426618166e+01
-2.675675675675676102e-01 -6.130950500658778424e+01
-2.664864864864865401e-01 -6.131006616595782077e+01
-2.654054054054054146e-01 -6.131059614854757456e+01
-2.643243243243243445e-01 -6.131109521138082386e+01
-2.632432432432432745e-01 -6.131156361233147578e+01
-2.621621621621622045e-01 -6.131200161012037597e+01
-2.610810810810811344e-01 -6.131240946431121586e+01
-2.600000000000000089e-01 -6.131278743530559439e+01
-2.589189189189189388e-01 -6.131313578433723421e+01
-2.578378378378378688e-01 -6.131345477346540918e+01
-2.567567567567567988e-01 -6.131374466556746938e+01
-2.556756756756757287e-01 -6.131400572433069840e+01
-2.545945945945946032e-01 -6.131423821424328224e+01
-2.535135135135135331e-01 -6.131444240058455364e+01
-2.524324324324324631e-01 -6.131461854941450440e+01
-2.513513513513513931e-01 -6.131476692756255886e+01
-2.502702702702703230e-01 -6.131488780261559413e+01
-2.491891891891891975e-01 -6.131498144290529950e+01
-2.481081081081081274e-01 -6.131504811749483963e+01
-2.470270270270270574e-01 -6.131508809616484967e+01
-2.459459459459459874e-01 -6.131510164939878393e+01
-2.448648648648649173e-01 -6.131508904836761076e+01
-2.437837837837837918e-01 -6.131505056491391059e+01
-2.427027027027027217e-01 -6.131498647153534165e+01
-2.416216216216216517e-01 -6.131489704136759400e+01
-2.405405405405405816e-01 -6.131478254816665441e+01
-2.394594594594595116e-01 -6.131464326629065908e+01
-2.383783783783783861e-01 -6.131447947068107851e+01
-2.372972972972973160e-01 -6.131429143684347594e+01
-2.362162162162162460e-01 -6.131407944082774719e+01
-2.351351351351351759e-01 -6.131384375920782759e+01
-2.340540540540541059e-01 -6.131358466906099380e+01
-2.329729729729729804e-01 -6.131330244794668971e+01
-2.318918918918919103e-01 -6.131299737388488325e+01
-2.308108108108108403e-01 -6.131266972533407511e+01
-2.297297297297297702e-01 -6.131231978116882431e+01
-2.286486486486487002e-01 -6.131194782065697524e+01
-2.275675675675675746e-01 -6.131155412343643718e+01
-2.264864864864865046e-01 -6.131113896949167952e+01
-2.254054054054054346e-01 -6.131070263912980778e+01
-2.243243243243243645e-01 -6.131024541295642649e+01
-2.232432432432432945e-01 -6.130976757185108994e+01
-2.221621621621621689e-01 -6.130926939694253974e+01
-2.210810810810810989e-01 -6.130875116958365112e+01
-2.200000000000000289e-01 -6.130821317132610204e+01
-2.189189189189189588e-01 -6.130765568389482212e+01
-2.178378378378378888e-01 -6.130707898916218568e+01
-2.167567567567567632e-01 -6.130648336912207697e+01
-2.156756756756756932e-01 -6.130586910586362137e+01
-2.145945945945946232e-01 -6.130523648154489536e+01
-2.135135135135135531e-01 -6.130458577836632372e+01
-2.124324324324324831e-01 -6.130391727854404138e+01
-2.113513513513513575e-01 -6.130323126428304903e+01
-2.102702702702702875e-01 -6.130252801775025517e+01
-2.091891891891892175e-01 -6.130180782104747550e+01
-2.081081081081081474e-01 -6.130107095618423330e+01
-2.070270270270270774e-01 -6.130031770505055277e+01
-2.059459459459459518e-01 -6.129954834938968133e+01
-2.048648648648648818e-01 -6.129876317077073367e+01
-2.037837837837838117e-01 -6.129796245056131454e+01
-2.027027027027027417e-01 -6.129714646990008475e+01
-2.016216216216216717e-01 -6.129631550966936970e+01
-2.005405405405405461e-01 -6.129546985046773244e+01
-1.994594594594594761e-01 -6.129460977258253251e+01
-1.983783783783784060e-01 -6.129373555596257717e+01
-1.972972972972973360e-01 -6.129284748019073703e+01
-1.962162162162162660e-01 -6.129194582445664707e+01
-1.951351351351351404e-01 -6.129103086752948570e+01
-1.940540540540540704e-01 -6.129010288773076809e+01
-1.929729729729730003e-01 -6.128916216290727448e+01
-1.918918918918919303e-01 -6.128820897040406379e+01
-1.908108108108108603e-01 -6.128724358703752984e+01
-1.897297297297297347e-01 -6.128626628906868490e+01
-1.886486486486486647e-01 -6.128527735217645045e+01
-1.875675675675675946e-01 -6.128427705143117521e+01
-1.864864864864865246e-01 -6.128326566126823849e+01
-1.854054054054054546e-01 -6.128224345546182406e+01
-1.843243243243243290e-01 -6.128121070709889295e+01
-1.832432432432432590e-01 -6.128016768855326291e+01
-1.821621621621621889e-01 -6.127911467145992930e+01
-1.810810810810811189e-01 -6.127805192668954248e+01
-1.800000000000000488e-01 -6.127697972432309115e+01
-1.789189189189189233e-01 -6.127589833362682015e+01
-1.778378378378378533e-01 -6.127480802302731888e+01
-1.767567567567567832e-01 -6.127370906008683704e+01
-1.756756756756757132e-01 -6.127260171147891299e+01
-1.745945945945946431e-01 -6.127148624296408741e+01
-1.735135135135135176e-01 -6.127036291936602908e+01
-1.724324324324324476e-01 -6.126923200454779561e+01
-1.713513513513513775e-01 -6.126809376138837138e+01
-1.702702702702703075e-01 -6.126694845175954640e+01
-1.691891891891892374e-01 -6.126579633650295165e+01
-1.681081081081081119e-01 -6.126463767540747085e+01
-1.670270270270270419e-01 -6.126347272718687265e+01
-1.659459459459459718e-01 -6.126230174945775531e+01
-1.648648648648649018e-01 -6.126112499871778283e+01
-1.637837837837838317e-01 -6.125994273032421233e+01
-1.627027027027027062e-01 -6.125875519847274830e+01
-1.616216216216216361e-01 -6.125756265617665974e+01
-1.605405405405405661e-01 -6.125636535524624549e+01
-1.594594594594594961e-01 -6.125516354626861926e+01
-1.583783783783784260e-01 -6.125395747858778606e+01
-1.572972972972973005e-01 -6.125274740028505960e+01
-1.562162162162162304e-01 -6.125153355815979950e+01
-1.551351351351351604e-01 -6.125031619771051083e+01
-1.540540540540540904e-01 -6.124909556311619951e+01
-1.529729729729730203e-01 -6.124787189721816105e+01
-1.518918918918918948e-01 -6.124664544150203227e+01
-1.508108108108108247e-01 -6.124541643608023378e+01
-1.497297297297297547e-01 -6.124418511967469669e+01
-1.486486486486486847e-01 -6.124295172960000855e+01
-1.475675675675676146e-01 -6.124171650174685766e+01
-1.464864864864864891e-01 -6.124047967056582564e+01
-1.454054054054054190e-01 -6.123924146905154942e+01
-1.443243243243243490e-01 -6.123800212872721715e+01
-1.432432432432432790e-01 -6.123676187962943374e+01
-1.421621621621622089e-01 -6.123552095029342723e+01
-1.410810810810810834e-01 -6.123427956773858227e+01
-1.400000000000000133e-01 -6.123303795745439260e+01
-1.389189189189189433e-01 -6.123179634338669786e+01
-1.378378378378378732e-01 -6.123055494792432540e+01
-1.367567567567568032e-01 -6.122931399188603763e+01
-1.356756756756756777e-01 -6.122807369450787007e+01
-1.345945945945946076e-01 -6.122683427343081064e+01
-1.335135135135135376e-01 -6.122559594468882693e+01
-1.324324324324324675e-01 -6.122435892269724889e+01
-1.313513513513513975e-01 -6.122312342024147114e+01
-1.302702702702702720e-01 -6.122188964846607462e+01
-1.291891891891892019e-01 -6.122065781686419683e+01
-1.281081081081081319e-01 -6.121942813326734267e+01
-1.270270270270270618e-01 -6.121820080383547946e+01
-1.259459459459459918e-01 -6.121697603304748725e+01
-1.248648648648649218e-01 -6.121575402369193597e+01
-1.237837837837837962e-01 -6.121453497685826051e+01
-1.227027027027027262e-01 -6.121331909192816312e+01
-1.216216216216216561e-01 -6.121210656656746352e+01
-1.205405405405405861e-01 -6.121089759671819053e+01
-1.194594594594595161e-01 -6.120969237659105033e+01
-1.183783783783783905e-01 -6.120849109865820736e+01
-1.172972972972973205e-01 -6.120729395364635650e+01
-1.162162162162162504e-01 -6.120610113053017187e+01
-1.151351351351351804e-01 -6.120491281652601856e+01
-1.140540540540541103e-01 -6.120372919708599113e+01
-1.129729729729729848e-01 -6.120255045589227905e+01
-1.118918918918919148e-01 -6.120137677485180205e+01
-1.108108108108108447e-01 -6.120020833409117955e+01
-1.097297297297297747e-01 -6.119904531195196995e+01
-1.086486486486487046e-01 -6.119788788498620846e+01
-1.075675675675675791e-01 -6.119673622795227175e+01
-1.064864864864865091e-01 -6.119559051381092729e+01
-1.054054054054054390e-01 -6.119445091372180912e+01
-1.043243243243243690e-01 -6.119331759704002138e+01
-1.032432432432432989e-01 -6.119219073131311148e+01
-1.021621621621621734e-01 -6.119107048227829182e+01
-1.010810810810811033e-01 -6.118995701385986052e+01
-1.000000000000000333e-01 -6.118885048816699168e+01
-9.891891891891896327e-02 -6.118775106549167475e+01
-9.783783783783789323e-02 -6.118665890430694532e+01
-9.675675675675676768e-02 -6.118557416126538584e+01
-9.567567567567569764e-02 -6.118449699119778984e+01
-9.459459459459462760e-02 -6.118342754711215292e+01
-9.351351351351355756e-02 -6.118236598019279882e+01
-9.243243243243248752e-02 -6.118131243979979672e+01
-9.135135135135136197e-02 -6.118026707346857052e+01
-9.027027027027029193e-02 -6.117923002690971401e+01
-8.918918918918922190e-02 -6.117820144400901228e+01
-8.810810810810815186e-02 -6.117718146682769742e+01
-8.702702702702708182e-02 -6.117617023560283229e+01
-8.594594594594595627e-02 -6.117516788874798550e+01
-8.486486486486488623e-02 -6.117417456285397748e+01
-8.378378378378381619e-02 -6.117319039268989656e+01
-8.270270270270274615e-02 -6.117221551120425005e+01
-8.162162162162167611e-02 -6.117125004952626455e+01
-8.054054054054055056e-02 -6.117029413696742068e+01
-7.945945945945948052e-02 -6.116934790102305186e+01
-7.837837837837841048e-02 -6.116841146737417745e+01
-7.729729729729734045e-02 -6.116748495988942125e+01
-7.621621621621627041e-02 -6.116656850062710760e+01
-7.513513513513514486e-02 -6.116566220983748536e+01
-7.405405405405407482e-02 -6.116476620596507274e+01
-7.297297297297300478e-02 -6.116388060565112283e+01
-7.189189189189193474e-02 -6.116300552373623134e+01
-7.081081081081086470e-02 -6.116214107326302951e+01
-6.972972972972973915e-02 -6.116128736547899081e+01
-6.864864864864866911e-02 -6.116044450983937253e+01
-6.756756756756759907e-02 -6.115961261401017879e+01
-6.648648648648652904e-02 -6.115879178387130111e+01
-6.540540540540545900e-02 -6.115798212351968033e+01
-6.432432432432433345e-02 -6.115718373527258223e+01
-6.324324324324326341e-02 -6.115639671967090862e+01
-6.216216216216219337e-02 -6.115562117548264354e+01
-6.108108108108112333e-02 -6.115485719970629930e+01
-6.000000000000005329e-02 -6.115410488757444085e+01
-5.891891891891892774e-02 -6.115336433255725268e+01
-5.783783783783785770e-02 -6.115263562636621231e+01
-5.675675675675678766e-02 -6.115191885895768564e+01
-5.567567567567571762e-02 -6.115121411853670708e+01
-5.459459459459464759e-02 -6.115052149156064587e+01
-5.351351351351352204e-02 -6.114984106274301467e+01
-5.243243243243245200e-02 -6.114917291505723540e+01
-5.135135135135138196e-02 -6.114851712974041931e+01
-5.027027027027031192e-02 -6.114787378629721815e+01
-4.918918918918924188e-02 -6.114724296250359714e+01
-4.810810810810811633e-02 -6.114662473441067192e+01
-4.702702702702704629e-02 -6.114601917634852413e+01
-4.594594594594597625e-02 -6.114542636092999572e+01
-4.486486486486490621e-02 -6.114484635905449039e+01
-4.378378378378383617e-02 -6.114427923991174652e+01
-4.270270270270271062e-02 -6.114372507098559595e+01
-4.162162162162164059e-02 -6.114318391805766595e+01
-4.054054054054057055e-02 -6.114265584521111663e+01
-3.945945945945950051e-02 -6.114214091483425761e+01
-3.837837837837843047e-02 -6.114163918762422156e+01
-3.729729729729736043e-02 -6.114115072259048844e+01
-3.621621621621629039e-02 -6.114067557705846667e+01
-3.513513513513510933e-02 -6.114021380667293215e+01
-3.405405405405403929e-02 -6.113976546540150281e+01
-3.297297297297296925e-02 -6.113933060553794974e+01
-3.189189189189189921e-02 -6.113890927770555805e+01
-3.081081081081082917e-02 -6.113850153086031725e+01
-2.972972972972975914e-02 -6.113810741229413992e+01
-2.864864864864868910e-02 -6.113772696763791714e+01
-2.756756756756761906e-02 -6.113736024086455956e+01
-2.648648648648654902e-02 -6.113700727429194615e+01
-2.540540540540547898e-02 -6.113666810858576639e+01
-2.432432432432429792e-02 -6.113634278276231271e+01
-2.324324324324322788e-02 -6.113603133419115920e+01
-2.216216216216215784e-02 -6.113573379859774803e+01
-2.108108108108108780e-02 -6.113545021006591895e+01
-2.000000000000001776e-02 -6.113518060104028251e+01
-1.891891891891894772e-02 -6.113492500232856486e+01
-1.783783783783787769e-02 -6.113468344310377489e+01
-1.675675675675680765e-02 -6.113445595090635010e+01
-1.567567567567573761e-02 -6.113424255164611054e+01
-1.459459459459466757e-02 -6.113404326960419155e+01
-1.351351351351348651e-02 -6.113385812743480585e+01
-1.243243243243241647e-02 -6.113368714616692756e+01
-1.135135135135134643e-02 -6.113353034520582696e+01
-1.027027027027027639e-02 -6.113338774233454842e+01
-9.189189189189206353e-03 -6.113325935371521069e+01
-8.108108108108136314e-03 -6.113314519389025037e+01
-7.027027027027066275e-03 -6.113304527578350189e+01
-5.945945945945996236e-03 -6.113295961070115681e+01
-4.864864864864926197e-03 -6.113288820833265902e+01
-3.783783783783856158e-03 -6.113283107675140116e+01
-2.702702702702675097e-03 -6.113278822241537114e+01
-1.621621621621605058e-03 -6.113275965016762825e+01
-5.405405405405350194e-04 -6.113274536323665842e+01
5.405405405405350194e-04 -6.113274536323665842e+01
1.621621621621605058e-03 -6.113275965016762825e+01
2.702702702702675097e-03 -6.113278822241537114e+01
3.783783783783745136e-03 -6.113283107675140116e+01
4.864864864864815175e-03 -6.113288820833265902e+01
5.945945945945885214e-03 -6.113295961070115681e+01
7.027027027026955253e-03 -6.113304527578350189e+01
8.108108108108136314e-03 -6.113314519389025037e+01
9.189189189189206353e-03 -6.113325935371521069e+01
1.027027027027027639e-02 -6.113338774233454842e+01
1.135135135135134643e-02 -6.113353034520582696e+01
1.243243243243241647e-02 -6.113368714616692756e+01
1.351351351351348651e-02 -6.113385812743480585e+01
1.459459459459455655e-02 -6.113404326960419155e+01
1.567567567567562659e-02 -6.113424255164611054e+01
1.675675675675669662e-02 -6.113445595090635010e+01
1.783783783783776666e-02 -6.113468344310377489e+01
1.891891891891883670e-02 -6.113492500232856486e+01
2.000000000000001776e-02 -6.113518060104028251e+01
2.108108108108108780e-02 -6.113545021006591895e+01
2.216216216216215784e-02 -6.113573379859774803e+01
2.324324324324322788e-02 -6.113603133419115920e+01
2.432432432432429792e-02 -6.113634278276231271e+01
2.540540540540536796e-02 -6.113666810858576639e+01
2.648648648648643800e-02 -6.113700727429194615e+01
2.756756756756750804e-02 -6.113736024086455956e+01
2.864864864864857807e-02 -6.113772696763791714e+01
2.972972972972964811e-02 -6.113810741229413992e+01
3.081081081081082917e-02 -6.113850153086031725e+01
3.189189189189189921e-02 -6.113890927770555805e+01
3.297297297297296925e-02 -6.113933060553794974e+01
3.405405405405403929e-02 -6.113976546540150281e+01
3.513513513513510933e-02 -6.114021380667293215e+01
3.621621621621617937e-02 -6.114067557705846667e+01
3.729729729729724941e-02 -6.114115072259048844e+01
3.837837837837831945e-02 -6.114163918762422156e+01
3.945945945945938949e-02 -6.114214091483425761e+01
4.054054054054045952e-02 -6.114265584521111663e+01
4.162162162162164059e-02 -6.114318391805766595e+01
4.270270270270271062e-02 -6.114372507098559595e+01
4.378378378378378066e-02 -6.114427923991174652e+01
4.486486486486485070e-02 -6.114484635905449039e+01
4.594594594594592074e-02 -6.114542636092999572e+01
4.702702702702699078e-02 -6.114601917634852413e+01
4.810810810810806082e-02 -6.114662473441067192e+01
4.918918918918913086e-02 -6.114724296250359714e+01
5.027027027027020090e-02 -6.114787378629721815e+01
5.135135135135127094e-02 -6.114851712974041931e+01
5.243243243243245200e-02 -6.114917291505723540e+01
5.351351351351352204e-02 -6.114984106274301467e+01
5.459459459459459207e-02 -6.115052149156064587e+01
5.567567567567566211e-02 -6.115121411853670708e+01
5.675675675675673215e-02 -6.115191885895768564e+01
5.783783783783780219e-02 -6.115263562636621231e+01
5.891891891891887223e-02 -6.115336433255725268e+01
5.999999999999994227e-02 -6.115410488757444085e+01
6.108108108108101231e-02 -6.115485719970629930e+01
6.216216216216208235e-02 -6.115562117548264354e+01
6.324324324324326341e-02 -6.115639671967090862e+01
6.432432432432433345e-02 -6.115718373527258223e+01
6.540540540540540349e-02 -6.115798212351968033e+01
6.648648648648647352e-02 -6.115879178387130111e+01
6.756756756756754356e-02 -6.115961261401017879e+01
6.864864864864861360e-02 -6.116044450983937253e+01
6.972972972972968364e-02 -6.116128736547899081e+01
7.081081081081075368e-02 -6.116214107326302951e+01
7.189189189189182372e-02 -6.116300552373623134e+01
7.297297297297289376e-02 -6.116388060565112283e+01
7.405405405405407482e-02 -6.116476620596507274e+01
7.513513513513514486e-02 -6.116566220983748536e+01
7.621621621621621490e-02 -6.116656850062710760e+01
7.729729729729728493e-02 -6.116748495988942125e+01
7.837837837837835497e-02 -6.116841146737417745e+01
7.945945945945942501e-02 -6.116934790102305186e+01
8.054054054054049505e-02 -6.117029413696742068e+01
8.162162162162156509e-02 -6.117125004952626455e+01
8.270270270270263513e-02 -6.117221551120425005e+01
8.378378378378370517e-02 -6.117319039268989656e+01
8.486486486486488623e-02 -6.117417456285397748e+01
8.594594594594595627e-02 -6.117516788874798550e+01
8.702702702702702631e-02 -6.117617023560283229e+01
8.810810810810809635e-02 -6.117718146682769742e+01
8.918918918918916638e-02 -6.117820144400901228e+01
9.027027027027023642e-02 -6.117923002690971401e+01
9.135135135135130646e-02 -6.118026707346857052e+01
9.243243243243237650e-02 -6.118131243979979672e+01
9.351351351351344654e-02 -6.118236598019279882e+01
9.459459459459451658e-02 -6.118342754711215292e+01
9.567567567567569764e-02 -6.118449699119778984e+01
9.675675675675676768e-02 -6.118557416126538584e+01
9.783783783783783772e-02 -6.118665890430694532e+01
9.891891891891890776e-02 -6.118775106549167475e+01
9.999999999999997780e-02 -6.118885048816699168e+01
1.010810810810810478e-01 -6.118995701385986052e+01
1.021621621621621179e-01 -6.119107048227829182e+01
1.032432432432431879e-01 -6.119219073131311148e+01
1.043243243243242580e-01 -6.119331759704002138e+01
1.054054054054053280e-01 -6.119445091372180912e+01
1.064864864864865091e-01 -6.119559051381092729e+01
1.075675675675675791e-01 -6.119673622795227175e+01
1.086486486486486491e-01 -6.119788788498620846e+01
1.097297297297297192e-01 -6.119904531195196995e+01
1.108108108108107892e-01 -6.120020833409117955e+01
1.118918918918918592e-01 -6.120137677485180205e+01
1.129729729729729293e-01 -6.120255045589227905e+01
1.140540540540539993e-01 -6.120372919708599113e+01
1.151351351351350694e-01 -6.120491281652601856e+01
1.162162162162161394e-01 -6.120610113053017187e+01
1.172972972972973205e-01 -6.120729395364635650e+01
1.183783783783783905e-01 -6.120849109865820736e+01
1.194594594594594605e-01 -6.120969237659105033e+01
1.205405405405405306e-01 -6.121089759671819053e+01
1.216216216216216006e-01 -6.121210656656746352e+01
1.227027027027026707e-01 -6.121331909192816312e+01
1.237837837837837407e-01 -6.121453497685826051e+01
1.248648648648648107e-01 -6.121575402369193597e+01
1.259459459459458808e-01 -6.121697603304748725e+01
1.270270270270269508e-01 -6.121820080383547946e+01
1.281081081081081319e-01 -6.121942813326734267e+01
1.291891891891892019e-01 -6.122065781686419683e+01
1.302702702702702720e-01 -6.122188964846607462e+01
1.313513513513513420e-01 -6.122312342024147114e+01
1.324324324324324120e-01 -6.122435892269724889e+01
1.335135135135134821e-01 -6.122559594468882693e+01
1.345945945945945521e-01 -6.122683427343081064e+01
1.356756756756756221e-01 -6.122807369450787007e+01
1.367567567567566922e-01 -6.122931399188603763e+01
1.378378378378377622e-01 -6.123055494792432540e+01
1.389189189189189433e-01 -6.123179634338669786e+01
1.400000000000000133e-01 -6.123303795745439260e+01
1.410810810810810834e-01 -6.123427956773858227e+01
1.421621621621621534e-01 -6.123552095029342723e+01
1.432432432432432234e-01 -6.123676187962943374e+01
1.443243243243242935e-01 -6.123800212872721715e+01
1.454054054054053635e-01 -6.123924146905154942e+01
1.464864864864864336e-01 -6.124047967056582564e+01
1.475675675675675036e-01 -6.124171650174685766e+01
1.486486486486485736e-01 -6.124295172960000855e+01
1.497297297297297547e-01 -6.124418511967469669e+01
1.508108108108108247e-01 -6.124541643608023378e+01
1.518918918918918948e-01 -6.124664544150203227e+01
1.529729729729729648e-01 -6.124787189721816105e+01
1.540540540540540349e-01 -6.124909556311619951e+01
1.551351351351351049e-01 -6.125031619771051083e+01
1.562162162162161749e-01 -6.125153355815979950e+01
1.572972972972972450e-01 -6.125274740028505960e+01
1.583783783783783150e-01 -6.125395747858778606e+01
1.594594594594593850e-01 -6.125516354626861926e+01
1.605405405405405661e-01 -6.125636535524624549e+01
1.616216216216216361e-01 -6.125756265617665974e+01
1.627027027027027062e-01 -6.125875519847274830e+01
1.637837837837837762e-01 -6.125994273032421233e+01
1.648648648648648463e-01 -6.126112499871778283e+01
1.659459459459459163e-01 -6.126230174945775531e+01
1.670270270270269863e-01 -6.126347272718687265e+01
1.681081081081080564e-01 -6.126463767540747085e+01
1.691891891891891264e-01 -6.126579633650295165e+01
1.702702702702701965e-01 -6.126694845175954640e+01
1.713513513513513775e-01 -6.126809376138837138e+01
1.724324324324324476e-01 -6.126923200454779561e+01
1.735135135135135176e-01 -6.127036291936602908e+01
1.745945945945945876e-01 -6.127148624296408741e+01
1.756756756756756577e-01 -6.127260171147891299e+01
1.767567567567567277e-01 -6.127370906008683704e+01
1.778378378378377977e-01 -6.127480802302731888e+01
1.789189189189188678e-01 -6.127589833362682015e+01
1.799999999999999378e-01 -6.127697972432309115e+01
1.810810810810810079e-01 -6.127805192668953538e+01
1.821621621621621889e-01 -6.127911467145992930e+01
1.832432432432432590e-01 -6.128016768855326291e+01
1.843243243243243290e-01 -6.128121070709889295e+01
1.854054054054053990e-01 -6.128224345546182406e+01
1.864864864864864691e-01 -6.128326566126823849e+01
1.875675675675675391e-01 -6.128427705143117521e+01
1.886486486486486092e-01 -6.128527735217645045e+01
1.897297297297296792e-01 -6.128626628906868490e+01
1.908108108108107492e-01 -6.128724358703752984e+01
1.918918918918918193e-01 -6.128820897040406379e+01
1.929729729729730003e-01 -6.128916216290727448e+01
1.940540540540540704e-01 -6.129010288773076809e+01
1.951351351351351404e-01 -6.129103086752948570e+01
1.962162162162162105e-01 -6.129194582445664707e+01
1.972972972972972805e-01 -6.129284748019073703e+01
1.983783783783783505e-01 -6.129373555596257717e+01
1.994594594594594206e-01 -6.129460977258253251e+01
2.005405405405404906e-01 -6.129546985046773244e+01
2.016216216216215606e-01 -6.129631550966936970e+01
2.027027027027026307e-01 -6.129714646990007765e+01
2.037837837837838117e-01 -6.129796245056131454e+01
2.048648648648648818e-01 -6.129876317077073367e+01
2.059459459459459518e-01 -6.129954834938968133e+01
2.070270270270270219e-01 -6.130031770505055277e+01
2.081081081081080919e-01 -6.130107095618423330e+01
2.091891891891891619e-01 -6.130180782104747550e+01
2.102702702702702320e-01 -6.130252801775025517e+01
2.113513513513513020e-01 -6.130323126428304903e+01
2.124324324324323721e-01 -6.130391727854404138e+01
2.135135135135134421e-01 -6.130458577836632372e+01
2.145945945945946232e-01 -6.130523648154489536e+01
2.156756756756756932e-01 -6.130586910586362137e+01
2.167567567567567632e-01 -6.130648336912207697e+01
2.178378378378378333e-01 -6.130707898916218568e+01
2.189189189189189033e-01 -6.130765568389482212e+01
2.199999999999999734e-01 -6.130821317132610204e+01
2.210810810810810434e-01 -6.130875116958365112e+01
2.221621621621621134e-01 -6.130926939694253974e+01
2.232432432432431835e-01 -6.130976757185108994e+01
2.243243243243242535e-01 -6.131024541295642649e+01
2.254054054054054346e-01 -6.131070263912980778e+01
2.264864864864865046e-01 -6.131113896949167952e+01
2.275675675675675746e-01 -6.131155412343643718e+01
2.286486486486486447e-01 -6.131194782065697524e+01
2.297297297297297147e-01 -6.131231978116882431e+01
2.308108108108107848e-01 -6.131266972533407511e+01
2.318918918918918548e-01 -6.131299737388488325e+01
2.329729729729729248e-01 -6.131330244794668971e+01
2.340540540540539949e-01 -6.131358466906099380e+01
2.351351351351350649e-01 -6.131384375920782759e+01
2.362162162162162460e-01 -6.131407944082774719e+01
2.372972972972973160e-01 -6.131429143684347594e+01
2.383783783783783861e-01 -6.131447947068107851e+01
2.394594594594594561e-01 -6.131464326629065908e+01
2.405405405405405261e-01 -6.131478254816665441e+01
2.416216216216215962e-01 -6.131489704136759400e+01
2.427027027027026662e-01 -6.131498647153534165e+01
2.437837837837837363e-01 -6.131505056491391059e+01
2.448648648648648063e-01 -6.131508904836761076e+01
2.459459459459458763e-01 -6.131510164939878393e+01
2.470270270270270574e-01 -6.131508809616484967e+01
2.481081081081081274e-01 -6.131504811749483963e+01
2.491891891891891975e-01 -6.131498144290529950e+01
2.502702702702702675e-01 -6.131488780261559413e+01
2.513513513513513375e-01 -6.131476692756255886e+01
2.524324324324324076e-01 -6.131461854941450440e+01
2.535135135135134776e-01 -6.131444240058455364e+01
2.545945945945945477e-01 -6.131423821424328224e+01
2.556756756756756177e-01 -6.131400572433069840e+01
2.567567567567566877e-01 -6.131374466556746938e+01
2.578378378378378688e-01 -6.131345477346540918e+01
2.589189189189189388e-01 -6.131313578433723421e+01
2.600000000000000089e-01 -6.131278743530559439e+01
2.610810810810810789e-01 -6.131240946431121586e+01
2.621621621621621490e-01 -6.131200161012037597e+01
2.632432432432432190e-01 -6.131156361233147578e+01
2.643243243243242890e-01 -6.131109521138082386e+01
2.654054054054053591e-01 -6.131059614854757456e+01
2.664864864864864291e-01 -6.131006616595782077e+01
2.675675675675674992e-01 -6.130950500658778424e+01
2.686486486486486802e-01 -6.130891241426618166e+01
2.697297297297297503e-01 -6.130828813367562447e+01
2.708108108108108203e-01 -6.130763191035315174e+01
2.718918918918918903e-01 -6.130694349068983229e+01
2.729729729729729604e-01 -6.130622262192944305e+01
2.740540540540540304e-01 -6.130546905216613141e+01
2.751351351351351004e-01 -6.130468253034121773e+01
2.762162162162161705e-01 -6.130386280623895345e+01
2.772972972972972405e-01 -6.130300963048129148e+01
2.783783783783783106e-01 -6.130212275452173287e+01
2.794594594594594916e-01 -6.130120193063806511e+01
2.805405405405405617e-01 -6.130024691192414821e+01
2.816216216216216317e-01 -6.129925745228069189e+01
2.827027027027027017e-01 -6.129823330640491719e+01
2.837837837837837718e-01 -6.129717422977926589e+01
2.848648648648648418e-01 -6.129607997865898028e+01
2.859459459459459119e-01 -6.129495031005867389e+01
2.870270270270269819e-01 -6.129378498173781509e+01
2.881081081081080519e-01 -6.129258375218512356e+01
2.891891891891891220e-01 -6.129134638060190809e+01
2.902702702702701920e-01 -6.129007262688431723e+01
2.913513513513513731e-01 -6.128876225160448143e+01
2.924324324324324431e-01 -6.128741501599058239e+01
2.935135135135135132e-01 -6.128603068190579961e+01
2.945945945945945832e-01 -6.128460901182616993e+01
2.956756756756756532e-01 -6.128314976881736698e+01
2.967567567567567233e-01 -6.128165271651032953e+01
2.978378378378377933e-01 -6.128011761907582411e+01
2.989189189189188633e-01 -6.127854424119787069e+01
2.999999999999999334e-01 -6.127693234804610256e+01
3.010810810810810034e-01 -6.127528170524700357e+01
3.021621621621621845e-01 -6.127359207885403691e+01
3.032432432432432545e-01 -6.127186323531671519e+01
3.043243243243243246e-01 -6.127009494144851232e+01
3.054054054054053946e-01 -6.126828696439380195e+01
3.064864864864864646e-01 -6.126643907159359514e+01
3.075675675675675347e-01 -6.126455103075029029e+01
3.086486486486486047e-01 -6.126262260979134311e+01
3.097297297297296748e-01 -6.126065357683185653e+01
3.108108108108107448e-01 -6.125864370013616167e+01
3.118918918918918148e-01 -6.125659274807838273e+01
3.129729729729729959e-01 -6.125450048910191470e+01
3.140540540540540659e-01 -6.125236669167798453e+01
3.151351351351351360e-01 -6.125019112426317491e+01
3.162162162162162060e-01 -6.124797355525597453e+01
3.172972972972972761e-01 -6.124571375295242603e+01
3.183783783783783461e-01 -6.124341148550077207e+01
3.194594594594594161e-01 -6.124106652085524161e+01
3.205405405405404862e-01 -6.123867862672891249e+01
3.216216216216215562e-01 -6.123624757054574985e+01
3.227027027027026262e-01 -6.123377311939172074e+01
3.237837837837838073e-01 -6.123125503996518404e+01
3.248648648648648773e-01 -6.122869309852644193e+01
3.259459459459459474e-01 -6.122608706084650976e+01
3.270270270270270174e-01 -6.122343669215522510e+01
3.281081081081080875e-01 -6.122074175708856814e+01
3.291891891891891575e-01 -6.121800201963542776e+01
3.302702702702702275e-01 -6.121521724308360746e+01
3.313513513513512976e-01 -6.121238718996536221e+01
3.324324324324323676e-01 -6.120951162200232432e+01
3.335135135135134377e-01 -6.120659030004989631e+01
3.345945945945946187e-01 -6.120362298404121759e+01
3.356756756756756888e-01 -6.120060943293070466e+01
3.367567567567567588e-01 -6.119754940463717219e+01
3.378378378378378288e-01 -6.119444265598665567e+01
3.389189189189188989e-01 -6.119128894265494267e+01
3.399999999999999689e-01 -6.118808801910989814e+01
3.410810810810810390e-01 -6.118483963855356222e+01
3.421621621621621090e-01 -6.118154355286419133e+01
3.432432432432431790e-01 -6.117819951253817123e+01
3.443243243243242491e-01 -6.117480726663201551e+01
3.454054054054054301e-01 -6.117136656270433548e+01
3.464864864864865002e-01 -6.116787714675800913e+01
3.475675675675675702e-01 -6.116433876318249929e+01
3.486486486486486402e-01 -6.116075115469647017e+01
3.497297297297297103e-01 -6.115711406229069524e+01
3.508108108108107803e-01 -6.115342722517144125e+01
3.518918918918918504e-01 -6.114969038070426421e+01
3.529729729729729204e-01 -6.114590326435844503e+01
3.540540540540539904e-01 -6.114206560965199344e+01
3.551351351351350605e-01 -6.113817714809748338e+01
3.562162162162162415e-01 -6.113423760914861305e+01
3.572972972972973116e-01 -6.113024672014773131e+01
3.583783783783783816e-01 -6.112620420627435180e+01
3.594594594594594517e-01 -6.112210979049478254e+01
3.605405405405405217e-01 -6.111796319351289952e+01
3.616216216216215917e-01 -6.111376413372227034e+01
3.627027027027026618e-01 -6.110951232715968473e+01
3.637837837837837318e-01 -6.110520748746012742e+01
3.648648648648648019e-01 -6.110084932581347061e+01
3.659459459459458719e-01 -6.109643755092277217e+01
3.670270270270270530e-01 -6.109197186896457055e+01
3.681081081081081230e-01 -6.108745198355101280e+01
3.691891891891891930e-01 -6.108287759569415698e+01
3.702702702702702631e-01 -6.107824840377247000e+01
3.713513513513513331e-01 -6.107356410349966325e+01
3.724324324324324031e-01 -6.106882438789602929e+01
3.735135135135134732e-01 -6.106402894726236497e+01
3.745945945945945432e-01 -6.105917746915670108e+01
3.756756756756756133e-01 -6.105426963837386722e+01
3.767567567567566833e-01 -6.104930513692818295e+01
3.778378378378378644e-01 -6.104428364403926821e+01
3.789189189189189344e-01 -6.103920483612129999e+01
3.800000000000000044e-01 -6.103406838677568658e+01
3.810810810810810745e-01 -6.102887396678747933e+01
3.821621621621621445e-01 -6.102362124412564270e+01
3.832432432432432146e-01 -6.101830988394726063e+01
3.843243243243242846e-01 -6.101293954860603463e+01
3.854054054054053546e-01 -6.100750989766506649e+01
3.864864864864864247e-01 -6.100202058791423809e+01
3.875675675675674947e-01 -6.099647127339230934e+01
3.886486486486486758e-01 -6.099086160541396140e+01
3.897297297297297458e-01 -6.098519123260197716e+01
3.908108108108108159e-01 -6.097945980092470819e+01
3.918918918918918859e-01 -6.097366695373912648e+01
3.929729729729729559e-01 -6.096781233183959614e+01
3.940540540540540260e-01 -6.096189557351259225e+01
3.951351351351350960e-01 -6.095591631459763704e+01
3.962162162162161660e-01 -6.094987418855459538e+01
3.972972972972972361e-01 -6.094376882653762806e+01
3.983783783783783061e-01 -6.093759985747600183e+01
3.994594594594594872e-01 -6.093136690816203327e+01
4.005405405405405572e-01 -6.092506960334633703e+01
4.016216216216216273e-01 -6.091870756584069824e+01
4.027027027027026973e-01 -6.091228041662881765e+01
4.037837837837837673e-01 -6.090578777498512864e+01
4.048648648648648374e-01 -6.089922925860204828e+01
4.059459459459459074e-01 -6.089260448372584733e+01
4.070270270270269775e-01 -6.088591306530143044e+01
4.081081081081080475e-01 -6.087915461712640308e+01
4.091891891891891175e-01 -6.087232875201453908e+01
4.102702702702702986e-01 -6.086543508196913166e+01
4.113513513513513686e-01 -6.085847321836637747e+01
4.124324324324324387e-01 -6.085144277214920550e+01
4.135135135135135087e-01 -6.084434335403175709e+01
4.145945945945945788e-01 -6.083717457471499301e+01
4.156756756756756488e-01 -6.082993604511354135e+01
4.167567567567567188e-01 -6.082262737659431906e+01
4.178378378378377889e-01 -6.081524818122714748e+01
4.189189189189188589e-01 -6.080779807204770293e+01
4.199999999999999289e-01 -6.080027666333322856e+01
4.210810810810811100e-01 -6.079268357089131314e+01
4.221621621621621800e-01 -6.078501841236206360e+01
4.232432432432432501e-01 -6.077728080753414730e+01
4.243243243243243201e-01 -6.076947037867497414e+01
4.254054054054053902e-01 -6.076158675087544481e+01
4.264864864864864602e-01 -6.075362955240969143e+01
4.275675675675675302e-01 -6.074559841511016600e+01
4.286486486486486003e-01 -6.073749297475847442e+01
4.297297297297296703e-01 -6.072931287149238955e+01
4.308108108108107404e-01 -6.072105775022950525e+01
4.318918918918919214e-01 -6.071272726110785811e+01
4.329729729729729915e-01 -6.070432105994405703e+01
4.340540540540540615e-01 -6.069583880870929704e+01
4.351351351351351315e-01 -6.068728017602373370e+01
4.362162162162162016e-01 -6.067864483766970096e+01
4.372972972972972716e-01 -6.066993247712416348e+01
4.383783783783783417e-01 -6.066114278611097888e+01
4.394594594594594117e-01 -6.065227546517338908e+01
4.405405405405404817e-01 -6.064333022426725961e+01
4.416216216216215518e-01 -6.063430678337551427e+01
4.427027027027027328e-01 -6.062520487314438355e+01
4.437837837837838029e-01 -6.061602423554188590e+01
4.448648648648648729e-01 -6.060676462453911029e+01
4.459459459459459429e-01 -6.059742580681479041e+01
4.470270270270270130e-01 -6.058800756248384545e+01
4.481081081081080830e-01 -6.057850968585025697e+01
4.491891891891891531e-01 -6.056893198618498531e+01
4.502702702702702231e-01 -6.055927428852943706e+01
4.513513513513512931e-01 -6.054953643452510903e+01
4.524324324324323632e-01 -6.053971828326990590e+01
4.535135135135135442e-01 -6.052981971220186352e+01
4.545945945945946143e-01 -6.051984061801079662e+01
4.556756756756756843e-01 -6.050978091757851729e+01
4.567567567567567544e-01 -6.049964054894825694e+01
4.578378378378378244e-01 -6.048941947232393090e+01
4.589189189189188944e-01 -6.047911767109989967e+01
4.599999999999999645e-01 -6.046873515292189438e+01
4.610810810810810345e-01 -6.045827195077977478e+01
4.621621621621621046e-01 -6.044772812413275886e+01
4.632432432432431746e-01 -6.043710376006792018e+01
4.643243243243242446e-01 -6.042639897449254249e+01
4.654054054054053147e-01 -6.041561391336112052e+01
4.664864864864863847e-01 -6.040474875393771015e+01
4.675675675675674547e-01 -6.039380370609439552e+01
4.686486486486485248e-01 -6.038277901364649836e+01
4.697297297297298169e-01 -6.037167495572553122e+01
4.708108108108108869e-01 -6.036049184819038516e+01
4.718918918918919569e-01 -6.034923004507774635e+01
4.729729729729730270e-01 -6.033788994009245243e+01
4.740540540540540970e-01 -6.032647196813855572e+01
4.751351351351351671e-01 -6.031497660689207407e+01
4.762162162162162371e-01 -6.030340437841599766e+01
4.772972972972973071e-01 -6.029175585081869571e+01
4.783783783783783772e-01 -6.028003163995632008e+01
4.794594594594594472e-01 -6.026823241118027141e+01
4.805405405405405173e-01 -6.025635888113045269e+01
4.816216216216215873e-01 -6.024441181957534752e+01
4.827027027027026573e-01 -6.023239205129971197e+01
4.837837837837837274e-01 -6.022030045804088871e+01
4.848648648648647974e-01 -6.020813798047461063e+01
4.859459459459458675e-01 -6.019590562025128833e+01
4.870270270270269375e-01 -6.018360444208374815e+01
4.881081081081080075e-01 -6.017123557588735849e+01
4.891891891891890776e-01 -6.015880021897353203e+01
4.902702702702701476e-01 -6.014629963829766979e+01
4.913513513513514397e-01 -6.013373517276251334e+01
4.924324324324325097e-01 -6.012110823557792116e+01
4.935135135135135798e-01 -6.010842031667819185e+01
4.945945945945946498e-01 -6.009567298519788636e+01
4.956756756756757198e-01 -6.008286789200735001e+01
4.967567567567567899e-01 -6.007000677230890773e+01
4.978378378378378599e-01 -6.005709144829494761e+01
4.989189189189189300e-01 -6.004412383186890878e+01
5.000000000000000000e-01 -6.003110592743039575e+01
5.010810810810810700e-01 -6.001803983472554194e+01
5.021621621621621401e-01 -6.000492775176374494e+01
5.032432432432432101e-01 -5.999177197780207393e+01
5.043243243243242802e-01 -5.997857491639842920e+01
5.054054054054053502e-01 -5.996533907853469714e+01
5.064864864864864202e-01 -5.995206708581125099e+01
5.075675675675674903e-01 -5.993876167371381314e+01
5.086486486486485603e-01 -5.992542569495425653e+01
5.097297297297296303e-01 -5.991206212288626887e+01
5.108108108108107004e-01 -5.989867405499753517e+01
5.118918918918917704e-01 -5.988526471647950444e+01
5.129729729729730625e-01 -5.987183746387615457e+01
5.140540540540541325e-01 -5.985839578881316925e+01
5.151351351351352026e-01 -5.984494332180880605e+01
5.162162162162162726e-01 -5.983148383616789800e+01
5.172972972972973427e-01 -5.981802125196037423e+01
5.183783783783784127e-01 -5.980455964008572067e+01
5.194594594594594827e-01 -5.979110322642486608e+01
5.205405405405405528e-01 -5.977765639608088577e+01
5.216216216216216228e-01 -5.976422369771009357e+01
5.227027027027026929e-01 -5.975080984794491457e+01
5.237837837837837629e-01 -5.973741973591013732e+01
5.248648648648648329e-01 -5.972405842783407337e+01
5.259459459459459030e-01 -5.971073117175618705e+01
5.270270270270269730e-01 -5.969744340233268787e+01
5.281081081081080431e-01 -5.968420074574182621e+01
5.291891891891891131e-01 -5.967100902469040591e+01
5.302702702702701831e-01 -5.965787426352318334e+01
5.313513513513512532e-01 -5.964480269343680163e+01
5.324324324324323232e-01 -5.963180075779997935e+01
5.335135135135133932e-01 -5.961887511758161651e+01
5.345945945945946853e-01 -5.960603265688848040e+01
5.356756756756757554e-01 -5.959328048861445382e+01
5.367567567567568254e-01 -5.958062596020269552e+01
5.378378378378378954e-01 -5.956807665952295849e+01
5.389189189189189655e-01 -5.955564042086553656e+01
5.400000000000000355e-01 -5.954332533105381486e+01
