# Field(kV/cm) Polarization(microC/cm2)
-800.000000 -0.249601
-799.000000 -0.249596
-798.000000 -0.249591
-797.000000 -0.249587
-796.000000 -0.249582
-795.000000 -0.249577
-794.000000 -0.249572
-793.000000 -0.249568
-792.000000 -0.249563
-791.000000 -0.249558
-790.000000 -0.249553
-789.000000 -0.249548
-788.000000 -0.249544
-787.000000 -0.249539
-786.000000 -0.249534
-785.000000 -0.249529
-784.000000 -0.249525
-783.000000 -0.249520
-782.000000 -0.249515
-781.000000 -0.249510
-780.000000 -0.249506
-779.000000 -0.249501
-778.000000 -0.249496
-777.000000 -0.249491
-776.000000 -0.249486
-775.000000 -0.249482
-774.000000 -0.249477
-773.000000 -0.249472
-772.000000 -0.249467
-771.000000 -0.249463
-770.000000 -0.249458
-769.000000 -0.249453
-768.000000 -0.249448
-767.000000 -0.249444
-766.000000 -0.249439
-765.000000 -0.249434
-764.000000 -0.249429
-763.000000 -0.249424
-762.000000 -0.249420
-761.000000 -0.249415
-760.000000 -0.249410
-759.000000 -0.249405
-758.000000 -0.249401
-757.000000 -0.249396
-756.000000 -0.249391
-755.000000 -0.249386
-754.000000 -0.249381
-753.000000 -0.249377
-752.000000 -0.249372
-751.000000 -0.249367
-750.000000 -0.249362
-749.000000 -0.249358
-748.000000 -0.249353
-747.000000 -0.249348
-746.000000 -0.249343
-745.000000 -0.249338
-744.000000 -0.249334
-743.000000 -0.249329
-742.000000 -0.249324
-741.000000 -0.249319
-740.000000 -0.249315
-739.000000 -0.249310
-738.000000 -0.249305
-737.000000 -0.249300
-736.000000 -0.249295
-735.000000 -0.249291
-734.000000 -0.249286
-733.000000 -0.249281
-732.000000 -0.249276
-731.000000 -0.249272
-730.000000 -0.249267
-729.000000 -0.249262
-728.000000 -0.249257
-727.000000 -0.249252
-726.000000 -0.249248
-725.000000 -0.249243
-724.000000 -0.249238
-723.000000 -0.249233
-722.000000 -0.249229
-721.000000 -0.249224
-720.000000 -0.249219
-719.000000 -0.249214
-718.000000 -0.249209
-717.000000 -0.249205
-716.000000 -0.249200
-715.000000 -0.249195
-714.000000 -0.249190
-713.000000 -0.249185
-712.000000 -0.249181
-711.000000 -0.249176
-710.000000 -0.249171
-709.000000 -0.249166
-708.000000 -0.249162
-707.000000 -0.249157
-706.000000 -0.249152
-705.000000 -0.249147
-704.000000 -0.249142
-703.000000 -0.249138
-702.000000 -0.249133
-701.000000 -0.249128
-700.000000 -0.249123
-699.000000 -0.249118
-698.000000 -0.249114
-697.000000 -0.249109
-696.000000 -0.249104
-695.000000 -0.249099
-694.000000 -0.249095
-693.000000 -0.249090
-692.000000 -0.249085
-691.000000 -0.249080
-690.000000 -0.249075
-689.000000 -0.249071
-688.000000 -0.249066
-687.000000 -0.249061
-686.000000 -0.249056
-685.000000 -0.249051
-684.000000 -0.249047
-683.000000 -0.249042
-682.000000 -0.249037
-681.000000 -0.249032
-680.000000 -0.249027
-679.000000 -0.249023
-678.000000 -0.249018
-677.000000 -0.249013
-676.000000 -0.249008
-675.000000 -0.249003
-674.000000 -0.248999
-673.000000 -0.248994
-672.000000 -0.248989
-671.000000 -0.248984
-670.000000 -0.248980
-669.000000 -0.248975
-668.000000 -0.248970
-667.000000 -0.248965
-666.000000 -0.248960
-665.000000 -0.248956
-664.000000 -0.248951
-663.000000 -0.248946
-662.000000 -0.248941
-661.000000 -0.248936
-660.000000 -0.248932
-659.000000 -0.248927
-658.000000 -0.248922
-657.000000 -0.248917
-656.000000 -0.248912
-655.000000 -0.248908
-654.000000 -0.248903
-653.000000 -0.248898
-652.000000 -0.248893
-651.000000 -0.248888
-650.000000 -0.248884
-649.000000 -0.248879
-648.000000 -0.248874
-647.000000 -0.248869
-646.000000 -0.248864
-645.000000 -0.248860
-644.000000 -0.248855
-643.000000 -0.248850
-642.000000 -0.248845
-641.000000 -0.248840
-640.000000 -0.248836
-639.000000 -0.248831
-638.000000 -0.248826
-637.000000 -0.248821
-636.000000 -0.248816
-635.000000 -0.248812
-634.000000 -0.248807
-633.000000 -0.248802
-632.000000 -0.248797
-631.000000 -0.248792
-630.000000 -0.248788
-629.000000 -0.248783
-628.000000 -0.248778
-627.000000 -0.248773
-626.000000 -0.248768
-625.000000 -0.248764
-624.000000 -0.248759
-623.000000 -0.248754
-622.000000 -0.248749
-621.000000 -0.248744
-620.000000 -0.248740
-619.000000 -0.248735
-618.000000 -0.248730
-617.000000 -0.248725
-616.000000 -0.248720
-615.000000 -0.248716
-614.000000 -0.248711
-613.000000 -0.248706
-612.000000 -0.248701
-611.000000 -0.248696
-610.000000 -0.248691
-609.000000 -0.248687
-608.000000 -0.248682
-607.000000 -0.248677
-606.000000 -0.248672
-605.000000 -0.248667
-604.000000 -0.248663
-603.000000 -0.248658
-602.000000 -0.248653
-601.000000 -0.248648
-600.000000 -0.248643
-599.000000 -0.248639
-598.000000 -0.248634
-597.000000 -0.248629
-596.000000 -0.248624
-595.000000 -0.248619
-594.000000 -0.248615
-593.000000 -0.248610
-592.000000 -0.248605
-591.000000 -0.248600
-590.000000 -0.248595
-589.000000 -0.248590
-588.000000 -0.248586
-587.000000 -0.248581
-586.000000 -0.248576
-585.000000 -0.248571
-584.000000 -0.248566
-583.000000 -0.248562
-582.000000 -0.248557
-581.000000 -0.248552
-580.000000 -0.248547
-579.000000 -0.248542
-578.000000 -0.248538
-577.000000 -0.248533
-576.000000 -0.248528
-575.000000 -0.248523
-574.000000 -0.248518
-573.000000 -0.248513
-572.000000 -0.248509
-571.000000 -0.248504
-570.000000 -0.248499
-569.000000 -0.248494
-568.000000 -0.248489
-567.000000 -0.248485
-566.000000 -0.248480
-565.000000 -0.248475
-564.000000 -0.248470
-563.000000 -0.248465
-562.000000 -0.248461
-561.000000 -0.248456
-560.000000 -0.248451
-559.000000 -0.248446
-558.000000 -0.248441
-557.000000 -0.248436
-556.000000 -0.248432
-555.000000 -0.248427
-554.000000 -0.248422
-553.000000 -0.248417
-552.000000 -0.248412
-551.000000 -0.248408
-550.000000 -0.248403
-549.000000 -0.248398
-548.000000 -0.248393
-547.000000 -0.248388
-546.000000 -0.248383
-545.000000 -0.248379
-544.000000 -0.248374
-543.000000 -0.248369
-542.000000 -0.248364
-541.000000 -0.248359
-540.000000 -0.248354
-539.000000 -0.248350
-538.000000 -0.248345
-537.000000 -0.248340
-536.000000 -0.248335
-535.000000 -0.248330
-534.000000 -0.248326
-533.000000 -0.248321
-532.000000 -0.248316
-531.000000 -0.248311
-530.000000 -0.248306
-529.000000 -0.248301
-528.000000 -0.248297
-527.000000 -0.248292
-526.000000 -0.248287
-525.000000 -0.248282
-524.000000 -0.248277
-523.000000 -0.248272
-522.000000 -0.248268
-521.000000 -0.248263
-520.000000 -0.248258
-519.000000 -0.248253
-518.000000 -0.248248
-517.000000 -0.248244
-516.000000 -0.248239
-515.000000 -0.248234
-514.000000 -0.248229
-513.000000 -0.248224
-512.000000 -0.248219
-511.000000 -0.248215
-510.000000 -0.248210
-509.000000 -0.248205
-508.000000 -0.248200
-507.000000 -0.248195
-506.000000 -0.248190
-505.000000 -0.248186
-504.000000 -0.248181
-503.000000 -0.248176
-502.000000 -0.248171
-501.000000 -0.248166
-500.000000 -0.248161
-499.000000 -0.248157
-498.000000 -0.248152
-497.000000 -0.248147
-496.000000 -0.248142
-495.000000 -0.248137
-494.000000 -0.248132
-493.000000 -0.248128
-492.000000 -0.248123
-491.000000 -0.248118
-490.000000 -0.248113
-489.000000 -0.248108
-488.000000 -0.248103
-487.000000 -0.248099
-486.000000 -0.248094
-485.000000 -0.248089
-484.000000 -0.248084
-483.000000 -0.248079
-482.000000 -0.248074
-481.000000 -0.248070
-480.000000 -0.248065
-479.000000 -0.248060
-478.000000 -0.248055
-477.000000 -0.248050
-476.000000 -0.248045
-475.000000 -0.248041
-474.000000 -0.248036
-473.000000 -0.248031
-472.000000 -0.248026
-471.000000 -0.248021
-470.000000 -0.248016
-469.000000 -0.248012
-468.000000 -0.248007
-467.000000 -0.248002
-466.000000 -0.247997
-465.000000 -0.247992
-464.000000 -0.247987
-463.000000 -0.247983
-462.000000 -0.247978
-461.000000 -0.247973
-460.000000 -0.247968
-459.000000 -0.247963
-458.000000 -0.247958
-457.000000 -0.247954
-456.000000 -0.247949
-455.000000 -0.247944
-454.000000 -0.247939
-453.000000 -0.247934
-452.000000 -0.247929
-451.000000 -0.247924
-450.000000 -0.247920
-449.000000 -0.247915
-448.000000 -0.247910
-447.000000 -0.247905
-446.000000 -0.247900
-445.000000 -0.247895
-444.000000 -0.247891
-443.000000 -0.247886
-442.000000 -0.247881
-441.000000 -0.247876
-440.000000 -0.247871
-439.000000 -0.247866
-438.000000 -0.247861
-437.000000 -0.247857
-436.000000 -0.247852
-435.000000 -0.247847
-434.000000 -0.247842
-433.000000 -0.247837
-432.000000 -0.247832
-431.000000 -0.247828
-430.000000 -0.247823
-429.000000 -0.247818
-428.000000 -0.247813
-427.000000 -0.247808
-426.000000 -0.247803
-425.000000 -0.247799
-424.000000 -0.247794
-423.000000 -0.247789
-422.000000 -0.247784
-421.000000 -0.247779
-420.000000 -0.247774
-419.000000 -0.247769
-418.000000 -0.247765
-417.000000 -0.247760
-416.000000 -0.247755
-415.000000 -0.247750
-414.000000 -0.247745
-413.000000 -0.247740
-412.000000 -0.247735
-411.000000 -0.247731
-410.000000 -0.247726
-409.000000 -0.247721
-408.000000 -0.247716
-407.000000 -0.247711
-406.000000 -0.247706
-405.000000 -0.247702
-404.000000 -0.247697
-403.000000 -0.247692
-402.000000 -0.247687
-401.000000 -0.247682
-400.000000 -0.247677
-399.000000 -0.247672
-398.000000 -0.247668
-397.000000 -0.247663
-396.000000 -0.247658
-395.000000 -0.247653
-394.000000 -0.247648
-393.000000 -0.247643
-392.000000 -0.247638
-391.000000 -0.247634
-390.000000 -0.247629
-389.000000 -0.247624
-388.000000 -0.247619
-387.000000 -0.247614
-386.000000 -0.247609
-385.000000 -0.247604
-384.000000 -0.247600
-383.000000 -0.247595
-382.000000 -0.247590
-381.000000 -0.247585
-380.000000 -0.247580
-379.000000 -0.247575
-378.000000 -0.247570
-377.000000 -0.247566
-376.000000 -0.247561
-375.000000 -0.247556
-374.000000 -0.247551
-373.000000 -0.247546
-372.000000 -0.247541
-371.000000 -0.247536
-370.000000 -0.247532
-369.000000 -0.247527
-368.000000 -0.247522
-367.000000 -0.247517
-366.000000 -0.247512
-365.000000 -0.247507
-364.000000 -0.247502
-363.000000 -0.247498
-362.000000 -0.247493
-361.000000 -0.247488
-360.000000 -0.247483
-359.000000 -0.247478
-358.000000 -0.247473
-357.000000 -0.247468
-356.000000 -0.247464
-355.000000 -0.247459
-354.000000 -0.247454
-353.000000 -0.247449
-352.000000 -0.247444
-351.000000 -0.247439
-350.000000 -0.247434
-349.000000 -0.247429
-348.000000 -0.247425
-347.000000 -0.247420
-346.000000 -0.247415
-345.000000 -0.247410
-344.000000 -0.247405
-343.000000 -0.247400
-342.000000 -0.247395
-341.000000 -0.247391
-340.000000 -0.247386
-339.000000 -0.247381
-338.000000 -0.247376
-337.000000 -0.247371
-336.000000 -0.247366
-335.000000 -0.247361
-334.000000 -0.247356
-333.000000 -0.247352
-332.000000 -0.247347
-331.000000 -0.247342
-330.000000 -0.247337
-329.000000 -0.247332
-328.000000 -0.247327
-327.000000 -0.247322
-326.000000 -0.247318
-325.000000 -0.247313
-324.000000 -0.247308
-323.000000 -0.247303
-322.000000 -0.247298
-321.000000 -0.247293
-320.000000 -0.247288
-319.000000 -0.247283
-318.000000 -0.247279
-317.000000 -0.247274
-316.000000 -0.247269
-315.000000 -0.247264
-314.000000 -0.247259
-313.000000 -0.247254
-312.000000 -0.247249
-311.000000 -0.247244
-310.000000 -0.247240
-309.000000 -0.247235
-308.000000 -0.247230
-307.000000 -0.247225
-306.000000 -0.247220
-305.000000 -0.247215
-304.000000 -0.247210
-303.000000 -0.247205
-302.000000 -0.247201
-301.000000 -0.247196
-300.000000 -0.247191
-299.000000 -0.247186
-298.000000 -0.247181
-297.000000 -0.247176
-296.000000 -0.247171
-295.000000 -0.247166
-294.000000 -0.247162
-293.000000 -0.247157
-292.000000 -0.247152
-291.000000 -0.247147
-290.000000 -0.247142
-289.000000 -0.247137
-288.000000 -0.247132
-287.000000 -0.247127
-286.000000 -0.247123
-285.000000 -0.247118
-284.000000 -0.247113
-283.000000 -0.247108
-282.000000 -0.247103
-281.000000 -0.247098
-280.000000 -0.247093
-279.000000 -0.247088
-278.000000 -0.247084
-277.000000 -0.247079
-276.000000 -0.247074
-275.000000 -0.247069
-274.000000 -0.247064
-273.000000 -0.247059
-272.000000 -0.247054
-271.000000 -0.247049
-270.000000 -0.247044
-269.000000 -0.247040
-268.000000 -0.247035
-267.000000 -0.247030
-266.000000 -0.247025
-265.000000 -0.247020
-264.000000 -0.247015
-263.000000 -0.247010
-262.000000 -0.247005
-261.000000 -0.247001
-260.000000 -0.246996
-259.000000 -0.246991
-258.000000 -0.246986
-257.000000 -0.246981
-256.000000 -0.246976
-255.000000 -0.246971
-254.000000 -0.246966
-253.000000 -0.246961
-252.000000 -0.246957
-251.000000 -0.246952
-250.000000 -0.246947
-249.000000 -0.246942
-248.000000 -0.246937
-247.000000 -0.246932
-246.000000 -0.246927
-245.000000 -0.246922
-244.000000 -0.246917
-243.000000 -0.246913
-242.000000 -0.246908
-241.000000 -0.246903
-240.000000 -0.246898
-239.000000 -0.246893
-238.000000 -0.246888
-237.000000 -0.246883
-236.000000 -0.246878
-235.000000 -0.246873
-234.000000 -0.246869
-233.000000 -0.246864
-232.000000 -0.246859
-231.000000 -0.246854
-230.000000 -0.246849
-229.000000 -0.246844
-228.000000 -0.246839
-227.000000 -0.246834
-226.000000 -0.246829
-225.000000 -0.246825
-224.000000 -0.246820
-223.000000 -0.246815
-222.000000 -0.246810
-221.000000 -0.246805
-220.000000 -0.246800
-219.000000 -0.246795
-218.000000 -0.246790
-217.000000 -0.246785
-216.000000 -0.246781
-215.000000 -0.246776
-214.000000 -0.246771
-213.000000 -0.246766
-212.000000 -0.246761
-211.000000 -0.246756
-210.000000 -0.246751
-209.000000 -0.246746
-208.000000 -0.246741
-207.000000 -0.246736
-206.000000 -0.246732
-205.000000 -0.246727
-204.000000 -0.246722
-203.000000 -0.246717
-202.000000 -0.246712
-201.000000 -0.246707
-200.000000 -0.246702
-199.000000 -0.246697
-198.000000 -0.246692
-197.000000 -0.246688
-196.000000 -0.246683
-195.000000 -0.246678
-194.000000 -0.246673
-193.000000 -0.246668
-192.000000 -0.246663
-191.000000 -0.246658
-190.000000 -0.246653
-189.000000 -0.246648
-188.000000 -0.246643
-187.000000 -0.246639
-186.000000 -0.246634
-185.000000 -0.246629
-184.000000 -0.246624
-183.000000 -0.246619
-182.000000 -0.246614
-181.000000 -0.246609
-180.000000 -0.246604
-179.000000 -0.246599
-178.000000 -0.246594
-177.000000 -0.246589
-176.000000 -0.246585
-175.000000 -0.246580
-174.000000 -0.246575
-173.000000 -0.246570
-172.000000 -0.246565
-171.000000 -0.246560
-170.000000 -0.246555
-169.000000 -0.246550
-168.000000 -0.246545
-167.000000 -0.246540
-166.000000 -0.246536
-165.000000 -0.246531
-164.000000 -0.246526
-163.000000 -0.246521
-162.000000 -0.246516
-161.000000 -0.246511
-160.000000 -0.246506
-159.000000 -0.246501
-158.000000 -0.246496
-157.000000 -0.246491
-156.000000 -0.246486
-155.000000 -0.246482
-154.000000 -0.246477
-153.000000 -0.246472
-152.000000 -0.246467
-151.000000 -0.246462
-150.000000 -0.246457
-149.000000 -0.246452
-148.000000 -0.246447
-147.000000 -0.246442
-146.000000 -0.246437
-145.000000 -0.246432
-144.000000 -0.246428
-143.000000 -0.246423
-142.000000 -0.246418
-141.000000 -0.246413
-140.000000 -0.246408
-139.000000 -0.246403
-138.000000 -0.246398
-137.000000 -0.246393
-136.000000 -0.246388
-135.000000 -0.246383
-134.000000 -0.246378
-133.000000 -0.246374
-132.000000 -0.246369
-131.000000 -0.246364
-130.000000 -0.246359
-129.000000 -0.246354
-128.000000 -0.246349
-127.000000 -0.246344
-126.000000 -0.246339
-125.000000 -0.246334
-124.000000 -0.246329
-123.000000 -0.246324
-122.000000 -0.246319
-121.000000 -0.246315
-120.000000 -0.246310
-119.000000 -0.246305
-118.000000 -0.246300
-117.000000 -0.246295
-116.000000 -0.246290
-115.000000 -0.246285
-114.000000 -0.246280
-113.000000 -0.246275
-112.000000 -0.246270
-111.000000 -0.246265
-110.000000 -0.246260
-109.000000 -0.246256
-108.000000 -0.246251
-107.000000 -0.246246
-106.000000 -0.246241
-105.000000 -0.246236
-104.000000 -0.246231
-103.000000 -0.246226
-102.000000 -0.246221
-101.000000 -0.246216
-100.000000 -0.246211
-99.000000 -0.246206
-98.000000 -0.246201
-97.000000 -0.246196
-96.000000 -0.246192
-95.000000 -0.246187
-94.000000 -0.246182
-93.000000 -0.246177
-92.000000 -0.246172
-91.000000 -0.246167
-90.000000 -0.246162
-89.000000 -0.246157
-88.000000 -0.246152
-87.000000 -0.246147
-86.000000 -0.246142
-85.000000 -0.246137
-84.000000 -0.246132
-83.000000 -0.246128
-82.000000 -0.246123
-81.000000 -0.246118
-80.000000 -0.246113
-79.000000 -0.246108
-78.000000 -0.246103
-77.000000 -0.246098
-76.000000 -0.246093
-75.000000 -0.246088
-74.000000 -0.246083
-73.000000 -0.246078
-72.000000 -0.246073
-71.000000 -0.246068
-70.000000 -0.246064
-69.000000 -0.246059
-68.000000 -0.246054
-67.000000 -0.246049
-66.000000 -0.246044
-65.000000 -0.246039
-64.000000 -0.246034
-63.000000 -0.246029
-62.000000 -0.246024
-61.000000 -0.246019
-60.000000 -0.246014
-59.000000 -0.246009
-58.000000 -0.246004
-57.000000 -0.245999
-56.000000 -0.245995
-55.000000 -0.245990
-54.000000 -0.245985
-53.000000 -0.245980
-52.000000 -0.245975
-51.000000 -0.245970
-50.000000 -0.245965
-49.000000 -0.245960
-48.000000 -0.245955
-47.000000 -0.245950
-46.000000 -0.245945
-45.000000 -0.245940
-44.000000 -0.245935
-43.000000 -0.245930
-42.000000 -0.245925
-41.000000 -0.245921
-40.000000 -0.245916
-39.000000 -0.245911
-38.000000 -0.245906
-37.000000 -0.245901
-36.000000 -0.245896
-35.000000 -0.245891
-34.000000 -0.245886
-33.000000 -0.245881
-32.000000 -0.245876
-31.000000 -0.245871
-30.000000 -0.245866
-29.000000 -0.245861
-28.000000 -0.245856
-27.000000 -0.245851
-26.000000 -0.245846
-25.000000 -0.245841
-24.000000 -0.245836
-23.000000 -0.245831
-22.000000 -0.245826
-21.000000 -0.245821
-20.000000 -0.245815
-19.000000 -0.245809
-18.000000 -0.245801
-17.000000 -0.245791
-16.000000 -0.245776
-15.000000 -0.245753
-14.000000 -0.245713
-13.000000 -0.245644
-12.000000 -0.245517
-11.000000 -0.245285
-10.000000 -0.244855
-9.000000 -0.244053
-8.000000 -0.242563
-7.000000 -0.239796
-6.000000 -0.234695
-5.000000 -0.225419
-4.000000 -0.208959
-3.000000 -0.181009
-2.000000 -0.136906
-1.000000 -0.074794
0.000000 0.000000
1.000000 0.074794
2.000000 0.136906
3.000000 0.181009
4.000000 0.208959
5.000000 0.225419
6.000000 0.234695
7.000000 0.239796
8.000000 0.242563
9.000000 0.244053
10.000000 0.244855
11.000000 0.245285
12.000000 0.245517
13.000000 0.245644
14.000000 0.245713
15.000000 0.245753
16.000000 0.245776
17.000000 0.245791
18.000000 0.245801
19.000000 0.245809
20.000000 0.245815
21.000000 0.245821
22.000000 0.245826
23.000000 0.245831
24.000000 0.245836
25.000000 0.245841
26.000000 0.245846
27.000000 0.245851
28.000000 0.245856
29.000000 0.245861
30.000000 0.245866
31.000000 0.245871
32.000000 0.245876
33.000000 0.245881
34.000000 0.245886
35.000000 0.245891
36.000000 0.245896
37.000000 0.245901
38.000000 0.245906
39.000000 0.245911
40.000000 0.245916
41.000000 0.245921
42.000000 0.245925
43.000000 0.245930
44.000000 0.245935
45.000000 0.245940
46.000000 0.245945
47.000000 0.245950
48.000000 0.245955
49.000000 0.245960
50.000000 0.245965
51.000000 0.245970
52.000000 0.245975
53.000000 0.245980
54.000000 0.245985
55.000000 0.245990
56.000000 0.245995
57.000000 0.245999
58.000000 0.246004
59.000000 0.246009
60.000000 0.246014
61.000000 0.246019
62.000000 0.246024
63.000000 0.246029
64.000000 0.246034
65.000000 0.246039
66.000000 0.246044
67.000000 0.246049
68.000000 0.246054
69.000000 0.246059
70.000000 0.246064
71.000000 0.246068
72.000000 0.246073
73.000000 0.246078
74.000000 0.246083
75.000000 0.246088
76.000000 0.246093
77.000000 0.246098
78.000000 0.246103
79.000000 0.246108
80.000000 0.246113
81.000000 0.246118
82.000000 0.246123
83.000000 0.246128
84.000000 0.246132
85.000000 0.246137
86.000000 0.246142
87.000000 0.246147
88.000000 0.246152
89.000000 0.246157
90.000000 0.246162
91.000000 0.246167
92.000000 0.246172
93.000000 0.246177
94.000000 0.246182
95.000000 0.246187
96.000000 0.246192
97.000000 0.246196
98.000000 0.246201
99.000000 0.246206
100.000000 0.246211
101.000000 0.246216
102.000000 0.246221
103.000000 0.246226
104.000000 0.246231
105.000000 0.246236
106.000000 0.246241
107.000000 0.246246
108.000000 0.246251
109.000000 0.246256
110.000000 0.246260
111.000000 0.246265
112.000000 0.246270
113.000000 0.246275
114.000000 0.246280
115.000000 0.246285
116.000000 0.246290
117.000000 0.246295
118.000000 0.246300
119.000000 0.246305
120.000000 0.246310
121.000000 0.246315
122.000000 0.246319
123.000000 0.246324
124.000000 0.246329
125.000000 0.246334
126.000000 0.246339
127.000000 0.246344
128.000000 0.246349
129.000000 0.246354
130.000000 0.246359
131.000000 0.246364
132.000000 0.246369
133.000000 0.246374
134.000000 0.246378
135.000000 0.246383
136.000000 0.246388
137.000000 0.246393
138.000000 0.246398
139.000000 0.246403
140.000000 0.246408
141.000000 0.246413
142.000000 0.246418
143.000000 0.246423
144.000000 0.246428
145.000000 0.246432
146.000000 0.246437
147.000000 0.246442
148.000000 0.246447
149.000000 0.246452
150.000000 0.246457
151.000000 0.246462
152.000000 0.246467
153.000000 0.246472
154.000000 0.246477
155.000000 0.246482
156.000000 0.246486
157.000000 0.246491
158.000000 0.246496
159.000000 0.246501
160.000000 0.246506
161.000000 0.246511
162.000000 0.246516
163.000000 0.246521
164.000000 0.246526
165.000000 0.246531
166.000000 0.246536
167.000000 0.246540
168.000000 0.246545
169.000000 0.246550
170.000000 0.246555
171.000000 0.246560
172.000000 0.246565
173.000000 0.246570
174.000000 0.246575
175.000000 0.246580
176.000000 0.246585
177.000000 0.246589
178.000000 0.246594
179.000000 0.246599
180.000000 0.246604
181.000000 0.246609
182.000000 0.246614
183.000000 0.246619
184.000000 0.246624
185.000000 0.246629
186.000000 0.246634
187.000000 0.246639
188.000000 0.246643
189.000000 0.246648
190.000000 0.246653
191.000000 0.246658
192.000000 0.246663
193.000000 0.246668
194.000000 0.246673
195.000000 0.246678
196.000000 0.246683
197.000000 0.246688
198.000000 0.246692
199.000000 0.246697
200.000000 0.246702
201.000000 0.246707
202.000000 0.246712
203.000000 0.246717
204.000000 0.246722
205.000000 0.246727
206.000000 0.246732
207.000000 0.246736
208.000000 0.246741
209.000000 0.246746
210.000000 0.246751
211.000000 0.246756
212.000000 0.246761
213.000000 0.246766
214.000000 0.246771
215.000000 0.246776
216.000000 0.246781
217.000000 0.246785
218.000000 0.246790
219.000000 0.246795
220.000000 0.246800
221.000000 0.246805
222.000000 0.246810
223.000000 0.246815
224.000000 0.246820
225.000000 0.246825
226.000000 0.246829
227.000000 0.246834
228.000000 0.246839
229.000000 0.246844
230.000000 0.246849
231.000000 0.246854
232.000000 0.246859
233.000000 0.246864
234.000000 0.246869
235.000000 0.246873
236.000000 0.246878
237.000000 0.246883
238.000000 0.246888
239.000000 0.246893
240.000000 0.246898
241.000000 0.246903
242.000000 0.246908
243.000000 0.246913
244.000000 0.246917
245.000000 0.246922
246.000000 0.246927
247.000000 0.246932
248.000000 0.246937
249.000000 0.246942
250.000000 0.246947
251.000000 0.246952
252.000000 0.246957
253.000000 0.246961
254.000000 0.246966
255.000000 0.246971
256.000000 0.246976
257.000000 0.246981
258.000000 0.246986
259.000000 0.246991
260.000000 0.246996
261.000000 0.247001
262.000000 0.247005
263.000000 0.247010
264.000000 0.247015
265.000000 0.247020
266.000000 0.247025
267.000000 0.247030
268.000000 0.247035
269.000000 0.247040
270.000000 0.247044
271.000000 0.247049
272.000000 0.247054
273.000000 0.247059
274.000000 0.247064
275.000000 0.247069
276.000000 0.247074
277.000000 0.247079
278.000000 0.247084
279.000000 0.247088
280.000000 0.247093
281.000000 0.247098
282.000000 0.247103
283.000000 0.247108
284.000000 0.247113
285.000000 0.247118
286.000000 0.247123
287.000000 0.247127
288.000000 0.247132
289.000000 0.247137
290.000000 0.247142
291.000000 0.247147
292.000000 0.247152
293.000000 0.247157
294.000000 0.247162
295.000000 0.247166
296.000000 0.247171
297.000000 0.247176
298.000000 0.247181
299.000000 0.247186
300.000000 0.247191
301.000000 0.247196
302.000000 0.247201
303.000000 0.247205
304.000000 0.247210
305.000000 0.247215
306.000000 0.247220
307.000000 0.247225
308.000000 0.247230
309.000000 0.247235
310.000000 0.247240
311.000000 0.247244
312.000000 0.247249
313.000000 0.247254
314.000000 0.247259
315.000000 0.247264
316.000000 0.247269
317.000000 0.247274
318.000000 0.247279
319.000000 0.247283
320.000000 0.247288
321.000000 0.247293
322.000000 0.247298
323.000000 0.247303
324.000000 0.247308
325.000000 0.247313
326.000000 0.247318
327.000000 0.247322
328.000000 0.247327
329.000000 0.247332
330.000000 0.247337
331.000000 0.247342
332.000000 0.247347
333.000000 0.247352
334.000000 0.247356
335.000000 0.247361
336.000000 0.247366
337.000000 0.247371
338.000000 0.247376
339.000000 0.247381
340.000000 0.247386
341.000000 0.247391
342.000000 0.247395
343.000000 0.247400
344.000000 0.247405
345.000000 0.247410
346.000000 0.247415
347.000000 0.247420
348.000000 0.247425
349.000000 0.247429
350.000000 0.247434
351.000000 0.247439
352.000000 0.247444
353.000000 0.247449
354.000000 0.247454
355.000000 0.247459
356.000000 0.247464
357.000000 0.247468
358.000000 0.247473
359.000000 0.247478
360.000000 0.247483
361.000000 0.247488
362.000000 0.247493
363.000000 0.247498
364.000000 0.247502
365.000000 0.247507
366.000000 0.247512
367.000000 0.247517
368.000000 0.247522
369.000000 0.247527
370.000000 0.247532
371.000000 0.247536
372.000000 0.247541
373.000000 0.247546
374.000000 0.247551
375.000000 0.247556
376.000000 0.247561
377.000000 0.247566
378.000000 0.247570
379.000000 0.247575
380.000000 0.247580
381.000000 0.247585
382.000000 0.247590
383.000000 0.247595
384.000000 0.247600
385.000000 0.247604
386.000000 0.247609
387.000000 0.247614
388.000000 0.247619
389.000000 0.247624
390.000000 0.247629
391.000000 0.247634
392.000000 0.247638
393.000000 0.247643
394.000000 0.247648
395.000000 0.247653
396.000000 0.247658
397.000000 0.247663
398.000000 0.247668
399.000000 0.247672
400.000000 0.247677
401.000000 0.247682
402.000000 0.247687
403.000000 0.247692
404.000000 0.247697
405.000000 0.247702
406.000000 0.247706
407.000000 0.247711
408.000000 0.247716
409.000000 0.247721
410.000000 0.247726
411.000000 0.247731
412.000000 0.247735
413.000000 0.247740
414.000000 0.247745
415.000000 0.247750
416.000000 0.247755
417.000000 0.247760
418.000000 0.247765
419.000000 0.247769
420.000000 0.247774
421.000000 0.247779
422.000000 0.247784
423.000000 0.247789
424.000000 0.247794
425.000000 0.247799
426.000000 0.247803
427.000000 0.247808
428.000000 0.247813
429.000000 0.247818
430.000000 0.247823
431.000000 0.247828
432.000000 0.247832
433.000000 0.247837
434.000000 0.247842
435.000000 0.247847
436.000000 0.247852
437.000000 0.247857
438.000000 0.247861
439.000000 0.247866
440.000000 0.247871
441.000000 0.247876
442.000000 0.247881
443.000000 0.247886
444.000000 0.247891
445.000000 0.247895
446.000000 0.247900
447.000000 0.247905
448.000000 0.247910
449.000000 0.247915
450.000000 0.247920
451.000000 0.247924
452.000000 0.247929
453.000000 0.247934
454.000000 0.247939
455.000000 0.247944
456.000000 0.247949
457.000000 0.247954
458.000000 0.247958
459.000000 0.247963
460.000000 0.247968
461.000000 0.247973
462.000000 0.247978
463.000000 0.247983
464.000000 0.247987
465.000000 0.247992
466.000000 0.247997
467.000000 0.248002
468.000000 0.248007
469.000000 0.248012
470.000000 0.248016
471.000000 0.248021
472.000000 0.248026
473.000000 0.248031
474.000000 0.248036
475.000000 0.248041
476.000000 0.248045
477.000000 0.248050
478.000000 0.248055
479.000000 0.248060
480.000000 0.248065
481.000000 0.248070
482.000000 0.248074
483.000000 0.248079
484.000000 0.248084
485.000000 0.248089
486.000000 0.248094
487.000000 0.248099
488.000000 0.248103
489.000000 0.248108
490.000000 0.248113
491.000000 0.248118
492.000000 0.248123
493.000000 0.248128
494.000000 0.248132
495.000000 0.248137
496.000000 0.248142
497.000000 0.248147
498.000000 0.248152
499.000000 0.248157
500.000000 0.248161
501.000000 0.248166
502.000000 0.248171
503.000000 0.248176
504.000000 0.248181
505.000000 0.248186
506.000000 0.248190
507.000000 0.248195
508.000000 0.248200
509.000000 0.248205
510.000000 0.248210
511.000000 0.248215
512.000000 0.248219
513.000000 0.248224
514.000000 0.248229
515.000000 0.248234
516.000000 0.248239
517.000000 0.248244
518.000000 0.248248
519.000000 0.248253
520.000000 0.248258
521.000000 0.248263
522.000000 0.248268
523.000000 0.248272
524.000000 0.248277
525.000000 0.248282
526.000000 0.248287
527.000000 0.248292
528.000000 0.248297
529.000000 0.248301
530.000000 0.248306
531.000000 0.248311
532.000000 0.248316
533.000000 0.248321
534.000000 0.248326
535.000000 0.248330
536.000000 0.248335
537.000000 0.248340
538.000000 0.248345
539.000000 0.248350
540.000000 0.248354
541.000000 0.248359
542.000000 0.248364
543.000000 0.248369
544.000000 0.248374
545.000000 0.248379
546.000000 0.248383
547.000000 0.248388
548.000000 0.248393
549.000000 0.248398
550.000000 0.248403
551.000000 0.248408
552.000000 0.248412
553.000000 0.248417
554.000000 0.248422
555.000000 0.248427
556.000000 0.248432
557.000000 0.248436
558.000000 0.248441
559.000000 0.248446
560.000000 0.248451
561.000000 0.248456
562.000000 0.248461
563.000000 0.248465
564.000000 0.248470
565.000000 0.248475
566.000000 0.248480
567.000000 0.248485
568.000000 0.248489
569.000000 0.248494
570.000000 0.248499
571.000000 0.248504
572.000000 0.248509
573.000000 0.248513
574.000000 0.248518
575.000000 0.248523
576.000000 0.248528
577.000000 0.248533
578.000000 0.248538
579.000000 0.248542
580.000000 0.248547
581.000000 0.248552
582.000000 0.248557
583.000000 0.248562
584.000000 0.248566
585.000000 0.248571
586.000000 0.248576
587.000000 0.248581
588.000000 0.248586
589.000000 0.248590
590.000000 0.248595
591.000000 0.248600
592.000000 0.248605
593.000000 0.248610
594.000000 0.248615
595.000000 0.248619
596.000000 0.248624
597.000000 0.248629
598.000000 0.248634
599.000000 0.248639
600.000000 0.248643
601.000000 0.248648
602.000000 0.248653
603.000000 0.248658
604.000000 0.248663
605.000000 0.248667
606.000000 0.248672
607.000000 0.248677
608.000000 0.248682
609.000000 0.248687
610.000000 0.248691
611.000000 0.248696
612.000000 0.248701
613.000000 0.248706
614.000000 0.248711
615.000000 0.248716
616.000000 0.248720
617.000000 0.248725
618.000000 0.248730
619.000000 0.248735
620.000000 0.248740
621.000000 0.248744
622.000000 0.248749
623.000000 0.248754
624.000000 0.248759
625.000000 0.248764
626.000000 0.248768
627.000000 0.248773
628.000000 0.248778
629.000000 0.248783
630.000000 0.248788
631.000000 0.248792
632.000000 0.248797
633.000000 0.248802
634.000000 0.248807
635.000000 0.248812
636.000000 0.248816
637.000000 0.248821
638.000000 0.248826
639.000000 0.248831
640.000000 0.248836
641.000000 0.248840
642.000000 0.248845
643.000000 0.248850
644.000000 0.248855
645.000000 0.248860
646.000000 0.248864
647.000000 0.248869
648.000000 0.248874
649.000000 0.248879
650.000000 0.248884
651.000000 0.248888
652.000000 0.248893
653.000000 0.248898
654.000000 0.248903
655.000000 0.248908
656.000000 0.248912
657.000000 0.248917
658.000000 0.248922
659.000000 0.248927
660.000000 0.248932
661.000000 0.248936
662.000000 0.248941
663.000000 0.248946
664.000000 0.248951
665.000000 0.248956
666.000000 0.248960
667.000000 0.248965
668.000000 0.248970
669.000000 0.248975
670.000000 0.248980
671.000000 0.248984
672.000000 0.248989
673.000000 0.248994
674.000000 0.248999
675.000000 0.249003
676.000000 0.249008
677.000000 0.249013
678.000000 0.249018
679.000000 0.249023
680.000000 0.249027
681.000000 0.249032
682.000000 0.249037
683.000000 0.249042
684.000000 0.249047
685.000000 0.249051
686.000000 0.249056
687.000000 0.249061
688.000000 0.249066
689.000000 0.249071
690.000000 0.249075
691.000000 0.249080
692.000000 0.249085
693.000000 0.249090
694.000000 0.249095
695.000000 0.249099
696.000000 0.249104
697.000000 0.249109
698.000000 0.249114
699.000000 0.249118
700.000000 0.249123
701.000000 0.249128
702.000000 0.249133
703.000000 0.249138
704.000000 0.249142
705.000000 0.249147
706.000000 0.249152
707.000000 0.249157
708.000000 0.249162
709.000000 0.249166
710.000000 0.249171
711.000000 0.249176
712.000000 0.249181
713.000000 0.249185
714.000000 0.249190
715.000000 0.249195
716.000000 0.249200
717.000000 0.249205
718.000000 0.249209
719.000000 0.249214
720.000000 0.249219
721.000000 0.249224
722.000000 0.249229
723.000000 0.249233
724.000000 0.249238
725.000000 0.249243
726.000000 0.249248
727.000000 0.249252
728.000000 0.249257
729.000000 0.249262
730.000000 0.249267
731.000000 0.249272
732.000000 0.249276
733.000000 0.249281
734.000000 0.249286
735.000000 0.249291
736.000000 0.249295
737.000000 0.249300
738.000000 0.249305
739.000000 0.249310
740.000000 0.249315
741.000000 0.249319
742.000000 0.249324
743.000000 0.249329
744.000000 0.249334
745.000000 0.249338
746.000000 0.249343
747.000000 0.249348
748.000000 0.249353
749.000000 0.249358
750.000000 0.249362
751.000000 0.249367
752.000000 0.249372
753.000000 0.249377
754.000000 0.249381
755.000000 0.249386
756.000000 0.249391
757.000000 0.249396
758.000000 0.249401
759.000000 0.249405
760.000000 0.249410
761.000000 0.249415
762.000000 0.249420
763.000000 0.249424
764.000000 0.249429
765.000000 0.249434
766.000000 0.249439
767.000000 0.249444
768.000000 0.249448
769.000000 0.249453
770.000000 0.249458
771.000000 0.249463
772.000000 0.249467
773.000000 0.249472
774.000000 0.249477
775.000000 0.249482
776.000000 0.249486
777.000000 0.249491
778.000000 0.249496
779.000000 0.249501
780.000000 0.249506
781.000000 0.249510
782.000000 0.249515
783.000000 0.249520
784.000000 0.249525
785.000000 0.249529
786.000000 0.249534
787.000000 0.249539
788.000000 0.249544
789.000000 0.249548
790.000000 0.249553
791.000000 0.249558
792.000000 0.249563
793.000000 0.249568
794.000000 0.249572
795.000000 0.249577
796.000000 0.249582
797.000000 0.249587
798.000000 0.249591
799.000000 0.249596
800.000000 0.249601
