-1.08822550e+00   -124.509330540000
-1.02282924e+00   -126.279391290000
-9.60753630e-01   -127.835247990000
-9.01842656e-01   -129.173121820000
-8.45681133e-01   -130.290138850000
-7.91956660e-01   -131.186132530000
-7.40251470e-01   -131.867907340000
-6.90242039e-01   -132.346420440000
-6.41608145e-01   -132.639254740000
-5.93944470e-01   -132.770477030000
-5.46692430e-01   -132.769956140000
-4.99257501e-01   -132.672696030000
-4.50711987e-01   -132.517885050000
-4.00041986e-01   -132.346575310000
-3.46285119e-01   -132.198552550000
-2.88505380e-01   -132.107365000000
-2.25916054e-01   -132.092484090000
-1.57836491e-01   -132.150979050000
-8.30788760e-02   -132.249126500000
-3.67967200e-07  -132.308843090000
8.30788760e-02   -132.249126500000
1.57836491e-01   -132.150979050000
2.25916054e-01   -132.092484090000
2.88505380e-01   -132.107365000000
3.46285119e-01   -132.198552550000
4.00041986e-01   -132.346575310000
4.50711987e-01   -132.517885050000
4.99257501e-01   -132.672696030000
5.46692430e-01   -132.769956140000
5.93944470e-01   -132.770477030000
6.41608145e-01   -132.639254740000
6.90242039e-01   -132.346420440000
7.40251470e-01   -131.867907340000
7.91956660e-01   -131.186132530000
8.45681133e-01   -130.290138850000
9.01842656e-01   -129.173121820000
9.60753630e-01   -127.835247990000
1.02282924e+00   -126.279391290000
1.08822550e+00   -124.509330540000
